3
   19    0    0
1.86922638E+06
2.40747551E+05
4.98080562E+04
1.32013324E+04
4.10055031E+03
1.42520656E+03
5.39199655E+02
2.18035656E+02
9.29536723E+01
4.13567324E+01
1.90560039E+01
8.91564247E+00
3.59243635E+00
1.55413972E+00
6.67539997E-01
3.09706204E-01
1.43688667E-01
6.65510457E-02
2.97564382E-02
   12    0    0
7.55223446E+02
1.73140712E+02
5.48700666E+01
2.03026007E+01
8.24047312E+00
3.48271870E+00
1.47685148E+00
6.13314800E-01
3.16669594E-01
1.83267162E-01
6.93974241E-02
2.66112074E-02
    5    0    0
7.14977385E+00
2.10791979E+00
8.03864334E-01
3.06557142E-01
1.28034492E-01
    3    0    0
4.32965821E+00
1.02328368E+00
2.41845761E-01



** Available from the Dirac web site, http://dirac.chem.sdu.dk **