4
   25    0    0
3.35066558E+07
4.50833262E+06
9.24126686E+05
2.39481998E+05
7.27285420E+04
2.47844524E+04
9.22210839E+03
3.67895560E+03
1.55370766E+03
6.88160618E+02
3.17271474E+02
1.51308126E+02
7.42309250E+01
3.72979057E+01
1.90942491E+01
9.81284448E+00
4.76894306E+00
2.38220782E+00
1.18180608E+00
5.79289051E-01
3.34606523E-01
1.93274023E-01
1.05880693E-01
5.17299767E-02
2.48900810E-02
   15    0    0
2.70660667E+03
5.85511108E+02
1.82134503E+02
6.76099376E+01
2.78550969E+01
1.23129797E+01
5.68310540E+00
2.65961289E+00
1.24316856E+00
5.70032114E-01
3.50916595E-01
2.16027227E-01
9.53485119E-02
4.29702126E-02
1.94843899E-02
    7    0    0
1.24019006E+01
4.32664645E+00
1.55717309E+00
7.39168364E-01
3.50872921E-01
2.41719937E-01
1.04087796E-01
    5    0    0
7.72043432E+00
2.69353583E+00
9.91205128E-01
3.64757579E-01
1.82366042E-01
    3    0    0
5.40931133E+00
1.28876681E+00
3.07048307E-01



** Available from the Dirac web site, http://dirac.chem.sdu.dk **