5
   30    0    0
1.08358536E+08
2.57677885E+07
7.68986271E+06
2.55628245E+06
9.28607333E+05
3.61894043E+05
1.49838559E+05
6.52691847E+04
2.96689701E+04
1.39707288E+04
6.77570527E+03
3.36996946E+03
1.71370979E+03
8.89311140E+02
4.70195160E+02
2.52681578E+02
1.37593293E+02
7.56178296E+01
4.16459650E+01
2.23208023E+01
1.22707927E+01
6.80027209E+00
3.72982759E+00
1.96843454E+00
1.02621243E+00
5.19318560E-01
1.88852392E-01
1.00897473E-01
4.93281092E-02
2.38872488E-02
   20    0    0
3.35569567E+05
5.03906429E+04
1.18151999E+04
3.61282357E+03
1.31494436E+03
5.38181475E+02
2.39176317E+02
1.12916857E+02
5.58082163E+01
2.84442093E+01
1.48096904E+01
7.82073921E+00
4.09700552E+00
2.11055882E+00
1.06613714E+00
5.25178424E-01
2.20888831E-01
1.00408457E-01
4.49136286E-02
2.00024396E-02
   12    0    0
5.63056484E+02
1.65863152E+02
6.36332347E+01
2.78424450E+01
1.30109129E+01
6.36815601E+00
3.20035402E+00
1.60576376E+00
7.91783634E-01
3.79743802E-01
1.74769583E-01
7.52334828E-02
    4    0    0
5.12254163E+00
1.61661013E+00
5.03844275E-01
1.57031710E-01
    3    0    0
3.24161701E+00
8.94059985E-01
2.46587816E-01
    2    0    0
2.18480562E+00
6.02584227E-01



** Available from the Dirac web site, http://dirac.chem.sdu.dk **