3
   15    0    0
1.28370853E+06
1.57820120E+05
3.14754996E+04
8.10516328E+03
2.46032619E+03
8.39168162E+02
3.12476279E+02
1.24861157E+02
5.23713606E+01
1.67879038E+01
6.99081857E+00
1.92838823E+00
7.73109324E-01
1.07456911E-01
4.05540352E-02
   11    0    0
2.34126497E+03
5.06925595E+02
1.55796435E+02
5.66542088E+01
2.24923598E+01
9.35147081E+00
3.73085093E+00
1.55460820E+00
6.16468603E-01
1.24546143E-01
3.80219437E-02
    6    0    0
5.12813486E+01
1.45797905E+01
5.04999995E+00
1.85361104E+00
6.48547948E-01
2.00625150E-01
    2    0    0
1.65856471E+00
3.12155006E-01



** Available from the Dirac web site, http://dirac.chem.sdu.dk **