4
   23    0    0
4.40822628E+07
6.68665059E+06
1.43317123E+06
3.74463790E+05
1.12935387E+05
3.79835589E+04
1.39243458E+04
5.47276433E+03
2.27830227E+03
9.95219252E+02
4.52696670E+02
2.13074973E+02
1.03141556E+02
5.06228110E+01
2.32952349E+01
1.16756228E+01
5.85133651E+00
2.65918944E+00
1.27593658E+00
5.81427725E-01
1.43108302E-01
6.63451933E-02
2.93067637E-02
   16    0    0
2.69702271E+04
4.72928121E+03
1.31074421E+03
4.54230499E+02
1.79629268E+02
7.75246441E+01
3.54563063E+01
1.67874362E+01
8.12651139E+00
3.88985546E+00
1.88362446E+00
9.07953117E-01
4.30504984E-01
1.51065134E-01
6.01100222E-02
2.41277178E-02
    9    0    0
1.80163196E+02
5.33217964E+01
2.00846081E+01
8.35884857E+00
3.69908810E+00
1.64752820E+00
7.13343983E-01
2.93334661E-01
1.10151349E-01
    3    0    0
3.24318783E+00
8.45251458E-01
2.20292522E-01
    2    0    0
1.81531812E+00
4.73114838E-01



** Available from the Dirac web site, http://dirac.chem.sdu.dk **