20
  73891789.27840404      2
  16420397.617423119      2
  5473465.872474373         2
  1824488.6241581244         2
  608162.8747193748         2
  202720.9582397916         2
  67573.6527465972         2
  22524.5509155324         2
  7508.1836385108         2
  2502.7278795036         4
  834.2426265012         4
  278.0808755004         4
  92.6936251668         4
  30.8978750556         4
  10.2992916852         4
  3.4330972284         4
  1.1443657428         4
  0.3814552476         4
  0.1271517492         2
  0.0423839164         2
