20
  55994118.323180676      0
  12443137.405151261      0
  4147712.4683837537         3
  1382570.8227945846         3
  460856.94093152817         3
  153618.9803105094         3
  51206.3267701698         3
  17068.7755900566         4
  5689.591863352201         4
  1896.5306211174002         4
  632.1768737058001         4
  210.7256245686         5
  70.2418748562         5
  23.4139582854         5
  7.8046527618         6
  2.6015509206         7
  0.8671836401999999         7
  0.28906121339999996         5
  0.09635373779999999         3
  0.0321179126         3
