31
  91018767.40719903      2
  22754691.851799756      2
  11377345.925899878         2
  5688672.962949939         2
  2844336.4814749695         2
  1422168.2407374848         2
  711084.1203687424         2
  355542.0601843712         2
  177771.0300921856         2
  88885.5150460928         2
  44442.7575230464         2
  22221.3787615232         2
  11110.6893807616         2
  5555.3446903808         4
  2777.6723451904         4
  1388.8361725952         4
  694.4180862976         4
  347.2090431488         4
  173.6045215744         4
  86.8022607872         4
  43.4011303936         4
  21.7005651968         4
  10.8502825984         4
  5.4251412992         4
  2.7125706496         4
  1.3562853248         4
  0.6781426624         4
  0.3390713312         4
  0.1695356656         4
  0.0847678328         2
  0.0423839164         2
