21
  117811280.26520282      0
  26180284.503378406      0
  8726761.501126135         2
  2908920.5003753784         2
  969640.1667917928         2
  323213.38893059763         2
  107737.7963101992         2
  35912.598770066405         3
  11970.866256688802         3
  3990.2887522296005         3
  1330.0962507432002         3
  443.3654169144001         4
  147.78847230480002         4
  49.26282410160001         4
  16.420941367200005         5
  5.473647122400002         7
  1.8245490408000007         7
  0.6081830136000003         6
  0.2027276712000001         4
  0.06757589040000003         2
  0.02252529680000001         2
