21
  117811280.26520282      0
  26180284.503378406      0
  8726761.501126135         3
  2908920.5003753784         3
  969640.1667917928         3
  323213.38893059763         3
  107737.7963101992         3
  35912.598770066405         4
  11970.866256688802         4
  3990.2887522296005         4
  1330.0962507432002         4
  443.3654169144001         5
  147.78847230480002         5
  49.26282410160001         5
  16.420941367200005         6
  5.473647122400002         8
  1.8245490408000007         8
  0.6081830136000003         7
  0.2027276712000001         5
  0.06757589040000003         3
  0.02252529680000001         3
