20
  73891789.27840404      0
  16420397.617423119      0
  5473465.872474373         2
  1824488.6241581244         3
  608162.8747193748         3
  202720.9582397916         3
  67573.6527465972         3
  22524.5509155324         3
  7508.1836385108         3
  2502.7278795036         4
  834.2426265012         4
  278.0808755004         4
  92.6936251668         5
  30.8978750556         5
  10.2992916852         5
  3.4330972284         6
  1.1443657428         6
  0.3814552476         5
  0.1271517492         3
  0.0423839164         3
