4
   30    0    0
7.28338123E+07
1.90549055E+07
6.31825220E+06
2.29672396E+06
8.96380957E+05
3.66522057E+05
1.56180240E+05
6.89304983E+04
3.14214608E+04
1.47499311E+04
7.11329939E+03
3.51591761E+03
1.77721815E+03
9.16882362E+02
4.81658670E+02
2.56541550E+02
1.35070272E+02
7.33891990E+01
3.99539713E+01
2.09370575E+01
1.19066310E+01
6.60485812E+00
3.46112394E+00
1.85798204E+00
8.90657121E-01
4.80671021E-01
2.37418211E-01
7.24997801E-02
3.71707171E-02
1.77981908E-02
   24    0    0
1.08368032E+07
1.75393681E+06
3.83956028E+05
1.00866487E+05
3.05095529E+04
1.04243012E+04
3.96608995E+03
1.65050782E+03
7.37759521E+02
3.48788672E+02
1.71906129E+02
8.75007083E+01
4.54559125E+01
2.38723132E+01
1.28966181E+01
6.94921551E+00
3.65571312E+00
1.91266737E+00
9.36050901E-01
4.63095831E-01
2.20744703E-01
8.19018986E-02
3.69874571E-02
1.58799802E-02
   16    0    0
8.53815253E+03
2.25410919E+03
8.15946860E+02
3.46547049E+02
1.61947065E+02
8.04447030E+01
4.16130026E+01
2.19819959E+01
1.18118485E+01
6.31646862E+00
3.30070342E+00
1.69849430E+00
8.35573260E-01
3.56603843E-01
1.44726227E-01
5.43753571E-02
    3    0    0
7.34542960E-01
4.53557050E-01
8.94199520E-02
    1    0    0
1.39474190E-01



** Available from the Dirac web site, http://dirac.chem.sdu.dk **