5
   35    0    0
7.38998857E+07
1.96337221E+07
6.69226432E+06
2.52858527E+06
1.03669288E+06
4.46501664E+05
2.00209131E+05
9.26181441E+04
4.41086387E+04
2.15749900E+04
1.08180498E+04
5.54969995E+03
2.90906580E+03
1.55667052E+03
8.49798892E+02
4.72637459E+02
2.66980574E+02
1.52062663E+02
8.86817927E+01
5.23988840E+01
3.11948997E+01
1.85595235E+01
1.14550755E+01
7.01390252E+00
4.12738849E+00
2.56414745E+00
1.56261767E+00
8.93692194E-01
5.18124443E-01
2.96051752E-01
1.64867359E-01
9.86312821E-02
5.14856828E-02
2.74651440E-02
1.44326981E-02
   30    0    0
3.99140653E+07
8.99361983E+06
2.40264729E+06
7.21679433E+05
2.37257608E+05
8.41080675E+04
3.19366673E+04
1.29572257E+04
5.60107616E+03
2.56542966E+03
1.23556397E+03
6.20986970E+02
3.23315199E+02
1.73029213E+02
9.47082207E+01
5.24982096E+01
2.93706244E+01
1.68396031E+01
9.86038858E+00
5.77201935E+00
3.27278492E+00
1.84266012E+00
9.98818466E-01
5.30213175E-01
2.77886313E-01
1.38263156E-01
8.77445541E-02
4.47548548E-02
2.29364576E-02
1.15164161E-02
   19    0    0
2.50637213E+04
6.28548296E+03
2.19339751E+03
9.08358071E+02
4.19170211E+02
2.08148438E+02
1.08577104E+02
5.87678673E+01
3.25061397E+01
1.82613230E+01
1.03591357E+01
5.84883098E+00
3.24036936E+00
1.77272797E+00
9.36617435E-01
4.54881153E-01
2.12725709E-01
9.54659531E-02
4.04169007E-02
    5    0    0
9.82810270E-01
5.80877920E-01
1.93167970E-01
8.21761470E-02
5.57755720E-02
    4    0    0
8.56054600E-01
4.84954380E-01
1.30103160E-01
6.89164900E-02
    2    0    0
1.69562370E-01
1.28899900E-01



** Available from the Dirac web site, http://dirac.chem.sdu.dk **