3
   24    0    0
5.77165338E+07
1.24013118E+07
3.33350986E+06
1.00069311E+06
3.29083179E+05
1.16423018E+05
4.38724811E+04
1.74610527E+04
7.28995141E+03
3.17368626E+03
1.43332896E+03
6.68361366E+02
3.18821458E+02
1.44968340E+02
7.27326057E+01
3.68253536E+01
1.69878537E+01
8.74326996E+00
3.69309920E+00
1.83772195E+00
5.74640131E-01
2.70300834E-01
5.45962386E-02
2.28221473E-02
   19    0    0
1.21925924E+06
1.75711517E+05
3.72077418E+04
1.00457537E+04
3.26808244E+03
1.22066404E+03
5.03870757E+02
2.23317269E+02
1.04099872E+02
5.00704251E+01
2.42811868E+01
1.21502569E+01
5.90635856E+00
2.91276098E+00
1.41488463E+00
5.84793873E-01
2.44835287E-01
5.76986554E-02
2.14413791E-02
   13    0    0
2.80149986E+03
7.79462129E+02
2.90332289E+02
1.24190888E+02
5.75626808E+01
2.77956316E+01
1.37738791E+01
6.78674241E+00
3.28206399E+00
1.54076751E+00
6.57082185E-01
2.40854139E-01
7.89842521E-02
    1    0    0
8.45269900E-02



** Available from the Dirac web site, http://dirac.chem.sdu.dk **