25
  2951989.058286387      2
  737997.2645715968      2
  368998.6322857984         2
  184499.3161428992         2
  92249.6580714496         2
  46124.8290357248         2
  23062.4145178624         2
  11531.2072589312         2
  5765.6036294656         2
  2882.8018147328         2
  1441.4009073664         2
  720.7004536832         2
  360.3502268416         2
  180.1751134208         2
  90.0875567104         4
  45.0437783552         4
  22.5218891776         4
  11.2609445888         4
  5.6304722944         4
  2.8152361472         4
  1.4076180736         4
  0.7038090368         4
  0.3519045184         2
  0.1759522592         2
  0.0879761296         2
