19
  32018099.419430126      0
  7115133.204317805      0
  2371711.068105935         2
  790570.3560353117         2
  263523.45201177057         2
  87841.15067059018         2
  29280.383556863395         3
  9760.127852287798         3
  3253.3759507625996         3
  1084.4586502542         3
  361.4862167514         4
  120.4954055838         4
  40.1651351946         4
  13.388378398199999         4
  4.4627927994         6
  1.4875975998         5
  0.4958658666         4
  0.16528862219999998         3
  0.05509620739999999         3
