20
  79537063.72738025      0
  17674903.050528944      0
  5891634.350176315         1
  1963878.1167254383         1
  654626.0389084794         2
  218208.6796361598         2
  72736.2265453866         2
  24245.4088484622         2
  8081.8029494874         2
  2693.9343164958         2
  897.9781054986         3
  299.32603516620003         3
  99.77534505540001         3
  33.258448351800006         3
  11.086149450600002         4
  3.695383150200001         6
  1.2317943834000002         5
  0.4105981278000001         3
  0.13686604260000004         2
  0.04562201420000001         2
