20
  79537063.72738025      0
  17674903.050528944      0
  5891634.350176315         2
  1963878.1167254383         2
  654626.0389084794         3
  218208.6796361598         3
  72736.2265453866         3
  24245.4088484622         3
  8081.8029494874         3
  2693.9343164958         3
  897.9781054986         4
  299.32603516620003         4
  99.77534505540001         4
  33.258448351800006         4
  11.086149450600002         5
  3.695383150200001         7
  1.2317943834000002         6
  0.4105981278000001         4
  0.13686604260000004         3
  0.04562201420000001         3
