4
   30    0    0
6.46340897E+07
1.71911950E+07
5.88216787E+06
2.23756519E+06
9.28526975E+05
4.05868804E+05
1.85067044E+05
8.69478039E+04
4.19167039E+04
2.06553889E+04
1.03852534E+04
5.31719519E+03
2.76752410E+03
1.46211665E+03
7.83105255E+02
4.24626950E+02
2.30092608E+02
1.27326477E+02
7.08337179E+01
3.82295904E+01
2.19742190E+01
1.23446251E+01
6.58291202E+00
3.52577272E+00
1.66419669E+00
8.83973533E-01
4.31697699E-01
1.38987593E-01
6.48509651E-02
2.90242612E-02
   24    0    0
2.16396697E+07
4.11790871E+06
9.80417061E+05
2.69031577E+05
8.23615580E+04
2.76908002E+04
1.01610704E+04
4.04748978E+03
1.73418067E+03
7.89980606E+02
3.77698524E+02
1.87562423E+02
9.59593609E+01
4.99143275E+01
2.67713172E+01
1.43441029E+01
7.48174751E+00
3.83983890E+00
1.83004522E+00
8.82113985E-01
4.04284599E-01
1.46662789E-01
5.95254291E-02
2.32307321E-02
   15    0    0
1.03124245E+04
2.67222756E+03
9.52884868E+02
3.99482921E+02
1.84037805E+02
9.01824421E+01
4.57395123E+01
2.37394629E+01
1.22167235E+01
6.12640703E+00
2.97150404E+00
1.30997466E+00
5.43707380E-01
2.08705756E-01
7.24452895E-02
   11    0    0
4.79781620E+02
1.63620422E+02
6.94584107E+01
3.22554049E+01
1.57856089E+01
7.79373118E+00
3.77892969E+00
1.75135480E+00
7.36943084E-01
2.20915474E-01
6.62244430E-02
    2    0    0
4.11928633E-01
1.23484990E-01



** Available from the Dirac web site, http://dirac.chem.sdu.dk **