3
   24    0    0
5.90224267E+07
1.43339132E+07
4.30499750E+06
1.40860425E+06
4.95238995E+05
1.83972935E+05
7.18138995E+04
2.92828894E+04
1.24216699E+04
5.46007117E+03
2.47848878E+03
1.15823580E+03
5.54014985E+02
2.56744236E+02
1.28747806E+02
6.59273050E+01
3.18979924E+01
1.66340117E+01
7.37889068E+00
3.62115576E+00
1.14561827E+00
5.15254061E-01
1.02452703E-01
3.93051986E-02
   19    0    0
4.41609118E+06
6.54185323E+05
1.35207978E+05
3.42422983E+04
1.02081615E+04
3.49791299E+03
1.34225135E+03
5.61859909E+02
2.50410598E+02
1.16580274E+02
5.48814775E+01
2.71166732E+01
1.32915558E+01
6.44144291E+00
3.05646937E+00
1.16517745E+00
4.62120027E-01
1.02664742E-01
3.36038552E-02
   12    0    0
3.39750237E+03
9.29704239E+02
3.41266965E+02
1.43817485E+02
6.54023040E+01
3.09895688E+01
1.47017949E+01
6.83553925E+00
3.02518574E+00
1.08755428E+00
3.76593302E-01
1.12421518E-01
    9    0    0
2.58359409E+02
8.76728716E+01
3.60567724E+01
1.61180870E+01
7.32100976E+00
3.23704754E+00
1.33572913E+00
4.74766339E-01
1.40593440E-01



** Available from the Dirac web site, http://dirac.chem.sdu.dk **