20
  45114163.39329369      0
  10025369.642954154      0
  3341789.880984718         3
  1113929.9603282392         4
  371309.98677607975         4
  123769.99559202658         4
  41256.66519734219         4
  13752.221732447397         4
  4584.073910815799         5
  1528.0246369385995         5
  509.34154564619985         5
  169.78051521539996         5
  56.59350507179999         5
  18.864501690599997         5
  6.288167230199999         7
  2.0960557433999996         8
  0.6986852477999999         7
  0.23289508259999994         6
  0.07763169419999998         4
  0.025877231399999992         3
