20
  45114163.39329369      0
  10025369.642954154      0
  3341789.880984718         2
  1113929.9603282392         3
  371309.98677607975         3
  123769.99559202658         3
  41256.66519734219         3
  13752.221732447397         3
  4584.073910815799         4
  1528.0246369385995         4
  509.34154564619985         4
  169.78051521539996         4
  56.59350507179999         4
  18.864501690599997         4
  6.288167230199999         6
  2.0960557433999996         7
  0.6986852477999999         6
  0.23289508259999994         5
  0.07763169419999998         3
  0.025877231399999992         2
