20
  85117282.79903792      2
  18914951.733119536      2
  6304983.911039845         2
  2101661.303679948         2
  700553.7678933161         2
  233517.92263110538         2
  77839.3075437018         4
  25946.4358479006         4
  8648.8119493002         4
  2882.9373164333997         4
  960.9791054777999         4
  320.32636849259995         4
  106.77545616419998         4
  35.591818721399996         4
  11.863939573799998         4
  3.9546465245999993         4
  1.3182155081999998         4
  0.4394051693999999         4
  0.14646838979999996         4
  0.04882279659999999         2
