20
  85117282.79903792      0
  18914951.733119536      0
  6304983.911039845         2
  2101661.303679948         2
  700553.7678933161         2
  233517.92263110538         2
  77839.3075437018         3
  25946.4358479006         3
  8648.8119493002         3
  2882.9373164333997         3
  960.9791054777999         4
  320.32636849259995         4
  106.77545616419998         4
  35.591818721399996         4
  11.863939573799998         4
  3.9546465245999993         5
  1.3182155081999998         5
  0.4394051693999999         4
  0.14646838979999996         4
  0.04882279659999999         2
