20
  85117282.79903792      0
  18914951.733119536      0
  6304983.911039845         3
  2101661.303679948         3
  700553.7678933161         3
  233517.92263110538         3
  77839.3075437018         4
  25946.4358479006         4
  8648.8119493002         4
  2882.9373164333997         4
  960.9791054777999         5
  320.32636849259995         5
  106.77545616419998         5
  35.591818721399996         5
  11.863939573799998         5
  3.9546465245999993         6
  1.3182155081999998         6
  0.4394051693999999         5
  0.14646838979999996         5
  0.04882279659999999         3
