31
  104846157.34813      2
  26211539.3370325      2
  13105769.66851625         2
  6552884.834258125         2
  3276442.4171290626         2
  1638221.2085645313         2
  819110.6042822656         2
  409555.3021411328         2
  204777.6510705664         2
  102388.8255352832         2
  51194.4127676416         4
  25597.2063838208         4
  12798.6031919104         4
  6399.3015959552         4
  3199.6507979776         4
  1599.8253989888         4
  799.9126994944         4
  399.9563497472         4
  199.9781748736         4
  99.9890874368         4
  49.9945437184         4
  24.9972718592         4
  12.4986359296         4
  6.2493179648         4
  3.1246589824         4
  1.5623294912         4
  0.7811647456         4
  0.3905823728         4
  0.1952911864         4
  0.0976455932         2
  0.0488227966         2
