20
  59255359.72652356      0
  13167857.717005236      0
  4389285.905668412         3
  1463095.3018894708         3
  487698.43396315695         3
  162566.14465438566         4
  54188.71488479522         4
  18062.904961598408         4
  6020.968320532803         4
  2006.989440177601         5
  668.9964800592003         5
  222.9988266864001         5
  74.33294222880004         5
  24.77764740960001         5
  8.259215803200004         5
  2.753071934400001         7
  0.9176906448000004         7
  0.3058968816000001         6
  0.10196562720000003         4
  0.03398854240000001         3
