19
  68293504.36318175      0
  15176334.30292928      0
  5058778.100976427         3
  1686259.3669921423         3
  562086.4556640474         4
  187362.1518880158         4
  62454.0506293386         4
  20818.0168764462         4
  6939.3389588154         4
  2313.1129862718         5
  771.0376620906         5
  257.01255403019996         5
  85.67085134339999         5
  28.556950447799995         5
  9.518983482599998         5
  3.1729944941999992         5
  1.0576648313999997         5
  0.3525549437999999         4
  0.11751831459999997         3
