20
  130872119.81323832      0
  29082693.291830737      0
  9694231.097276913         3
  3231410.365758971         4
  1077136.7885863236         4
  359045.5961954412         4
  119681.8653984804         4
  39893.9551328268         4
  13297.9850442756         5
  4432.6616814252         5
  1477.5538938084         5
  492.5179646028         5
  164.17265486760002         5
  54.7242182892         5
  18.241406096400002         5
  6.080468698800001         5
  2.0268228996000004         5
  0.6756076332000002      6
  0.22520254440000007         3
  0.07506751480000003         3