20
  130872119.81323832      0
  29082693.291830737      0
  9694231.097276913         2
  3231410.365758971         3
  1077136.7885863236         3
  359045.5961954412         3
  119681.8653984804         3
  39893.9551328268         3
  13297.9850442756         4
  4432.6616814252         4
  1477.5538938084         4
  492.5179646028         4
  164.17265486760002         4
  54.7242182892         4
  18.241406096400002         4
  6.080468698800001         4
  2.0268228996000004         4
  0.6756076332000002      6
  0.22520254440000007         2
  0.07506751480000003         2