18
  38227043.75417735      0
  8494898.612039411      0
  2831632.8706798037         2
  943877.6235599346         2
  314625.8745199782         2
  104875.2915066594         3
  34958.4305022198         3
  11652.8101674066         3
  3884.2700558022         3
  1294.7566852674001         4
  431.58556175580003         4
  143.86185391860002         4
  47.953951306200004         4
  15.9846504354         4
  5.3282168118         4
  1.7760722706         3
  0.5920240902         3
  0.1973413634         2
