18
  38227043.75417735      0
  8494898.612039411      0
  2831632.8706798037         3
  943877.6235599346         3
  314625.8745199782         3
  104875.2915066594         4
  34958.4305022198         4
  11652.8101674066         4
  3884.2700558022         4
  1294.7566852674001         5
  431.58556175580003         5
  143.86185391860002         5
  47.953951306200004         5
  15.9846504354         5
  5.3282168118         5
  1.7760722706         4
  0.5920240902         4
  0.1973413634         3
