29
  105946837.74388142      2
  26486709.435970355      2
  13243354.717985177         2
  6621677.358992589         2
  3310838.6794962944         2
  1655419.3397481472         2
  827709.6698740736         2
  413854.8349370368         2
  206927.4174685184         2
  103463.7087342592         4
  51731.8543671296         4
  25865.9271835648         4
  12932.9635917824         4
  6466.4817958912         4
  3233.2408979456         4
  1616.6204489728         4
  808.3102244864         4
  404.1551122432         4
  202.0775561216         4
  101.0387780608         4
  50.5193890304         4
  25.2596945152         4
  12.6298472576         4
  6.3149236288         4
  3.1574618144         4
  1.5787309072         4
  0.7893654536         4
  0.3946827268         2
  0.1973413634         2
