4
   24    0    0
6.85215539E+07
1.14581165E+07
2.61489322E+06
7.13969697E+05
2.22576950E+05
7.68069029E+04
2.87439431E+04
1.14930973E+04
4.85538873E+03
2.14863608E+03
9.89287173E+02
4.71310150E+02
2.31197392E+02
1.16265790E+02
5.96922305E+01
3.10429980E+01
1.60841103E+01
8.31212016E+00
4.34632158E+00
2.27765183E+00
1.10367621E+00
5.49392119E-01
2.63911657E-01
1.22771081E-01
   14    0    0
1.33252769E+04
2.51083167E+03
7.29359409E+02
2.60514279E+02
1.05195604E+02
4.60777360E+01
2.13586022E+01
1.02227464E+01
4.99563447E+00
2.46219755E+00
1.14855846E+00
5.23532082E-01
2.30132468E-01
9.68872887E-02
    3    0    0
1.81697309E+00
7.56227967E-01
3.13980610E-01
    2    0    0
1.31490711E+00
5.46331140E-01
    1    0    0
1.01086986E+00



** Available from the Dirac web site, http://dirac.chem.sdu.dk **