3
   18    0    0
7.56667124E+06
9.29804024E+05
1.83141376E+05
4.65367591E+04
1.39689020E+04
4.72221320E+03
1.74628020E+03
6.92940001E+02
2.90944261E+02
1.27828896E+02
5.82130329E+01
2.69343388E+01
1.11938854E+01
5.27141112E+00
2.46860868E+00
9.05354406E-01
4.01192116E-01
1.65005734E-01
   11    0    0
2.45656966E+03
5.33026274E+02
1.65209498E+02
6.07339194E+01
2.47361689E+01
1.06493613E+01
4.72977240E+00
2.12561764E+00
8.74705661E-01
3.44540373E-01
1.27909136E-01
    2    0    0
1.22407920E+00
4.06250457E-01
    1    0    0
8.99485367E-01



** Available from the Dirac web site, http://dirac.chem.sdu.dk **