19
  43866410.273148604      0
  9748091.1718108      0
  3249363.7239369336         2
  1083121.2413123113         2
  361040.4137707704         2
  120346.80459025681         2
  40115.6015300856         3
  13371.867176695201         3
  4457.2890588984         3
  1485.7630196328         3
  495.2543398776         4
  165.0847799592         4
  55.0282599864         4
  18.3427533288         4
  6.1142511096000005         4
  2.0380837032000003         5
  0.6793612344000001         5
  0.22645374480000002         3
  0.0754845816         2
