20
  67999513.11453164      0
  15111002.914340362      0
  5037000.971446787         2
  1679000.3238155956         2
  559666.7746051985         2
  186555.59153506617         2
  62185.19717835539         2
  20728.399059451796         2
  6909.4663531505985         3
  2303.1554510501996         3
  767.7184836833999         3
  255.90616122779997         3
  85.3020537426         3
  28.4340179142         3
  9.4780059714         3
  3.1593353238         5
  1.0531117746         6
  0.35103725820000004         4
  0.11701241940000001         3
  0.039004139800000004         2
