20
  87467316.2099771      0
  19437181.37999491      0
  6479060.459998303         2
  2159686.8199994345         3
  719895.6066664782         3
  239965.2022221594         3
  79988.4007407198         3
  26662.800246906598         3
  8887.600082302199         3
  2962.5333607673997         4
  987.5111202557999         4
  329.1703734186         4
  109.72345780619999         4
  36.5744859354         4
  12.191495311799999         4
  4.063831770599999         4
  1.3546105901999999         6
  0.45153686339999993         5
  0.15051228779999998         3
  0.050170762599999995         3
