20
  67999513.11453164      0
  15111002.914340362      0
  5037000.971446787         3
  1679000.3238155956         3
  559666.7746051985         3
  186555.59153506617         3
  62185.19717835539         3
  20728.399059451796         3
  6909.4663531505985         4
  2303.1554510501996         4
  767.7184836833999         4
  255.90616122779997         4
  85.3020537426         4
  28.4340179142         4
  9.4780059714         4
  3.1593353238         6
  1.0531117746         7
  0.35103725820000004         5
  0.11701241940000001         4
  0.039004139800000004         3
