19
  43866410.273148604      0
  9748091.1718108      0
  3249363.7239369336         1
  1083121.2413123113         1
  361040.4137707704         1
  120346.80459025681         1
  40115.6015300856         2
  13371.867176695201         2
  4457.2890588984         2
  1485.7630196328         2
  495.2543398776         3
  165.0847799592         3
  55.0282599864         3
  18.3427533288         3
  6.1142511096000005         3
  2.0380837032000003         4
  0.6793612344000001         4
  0.22645374480000002         2
  0.0754845816         1
