30
  81050952.33106084      2
  20262738.08276521      2
  10131369.041382605         2
  5065684.520691303         2
  2532842.2603456513         2
  1266421.1301728257         2
  633210.5650864128         2
  316605.2825432064         2
  158302.6412716032         2
  79151.3206358016         2
  39575.6603179008         2
  19787.8301589504         2
  9893.9150794752         2
  4946.9575397376         2
  2473.4787698688         2
  1236.7393849344         4
  618.3696924672         4
  309.1848462336         4
  154.5924231168         4
  77.2962115584         4
  38.6481057792         4
  19.3240528896         4
  9.6620264448         4
  4.8310132224         4
  2.4155066112         4
  1.2077533056         4
  0.6038766528         4
  0.3019383264         4
  0.1509691632         2
  0.0754845816         2
