3
   26    0    0
5.23395635E+07
1.39042308E+07
4.71663685E+06
1.76377617E+06
7.18589017E+05
3.07335338E+05
1.36970937E+05
6.26396175E+04
2.92750025E+04
1.39042228E+04
6.70288368E+03
3.27766374E+03
1.63087763E+03
8.20370801E+02
4.24028714E+02
2.24257275E+02
1.20648388E+02
6.61447606E+01
3.35432929E+01
1.91090728E+01
9.37631555E+00
5.15488955E+00
2.14108026E+00
1.08035187E+00
3.47368104E-01
1.32716064E-01
   23    0    0
4.41478101E+07
1.22444768E+07
3.69876288E+06
1.19459836E+06
4.06258118E+05
1.44274530E+05
5.32907112E+04
2.04626398E+04
8.19071685E+03
3.43086834E+03
1.50538611E+03
6.89856467E+02
3.28166812E+02
1.58651064E+02
7.96804421E+01
3.89427462E+01
2.02214028E+01
9.64080707E+00
4.83575422E+00
2.02868007E+00
8.89231478E-01
2.66801723E-01
7.97707589E-02
   17    0    0
8.35091124E+04
1.94803968E+04
6.24777184E+03
2.40079648E+03
1.03866895E+03
4.87503404E+02
2.42041207E+02
1.24999999E+02
6.58998208E+01
3.47378902E+01
1.86358336E+01
9.77729485E+00
5.02893584E+00
2.48933959E+00
1.16591219E+00
5.05800523E-01
1.91490581E-01
   10    0    0
1.49214833E+03
4.95004732E+02
2.07147264E+02
9.61846084E+01
4.70708711E+01
2.36274420E+01
1.18132991E+01
5.75382195E+00
2.67230702E+00
1.10531308E+00



** Available from the Dirac web site, http://dirac.chem.sdu.dk **