3
   30    0    0
5.23782829E+07
1.39236248E+07
4.73158960E+06
1.77602240E+06
7.29846329E+05
3.17086776E+05
1.45141631E+05
6.89804744E+04
3.39304996E+04
1.71371877E+04
8.85940622E+03
4.66541385E+03
2.49715509E+03
1.35689957E+03
7.49487751E+02
4.21010082E+02
2.39974251E+02
1.37103272E+02
8.02454373E+01
4.69871838E+01
2.73603846E+01
1.61330884E+01
9.56659604E+00
5.43202011E+00
2.85690773E+00
1.63046845E+00
8.70770654E-01
4.02632239E-01
1.89553537E-01
8.02275885E-02
   29    0    0
7.18846193E+07
2.70887639E+07
1.03118856E+07
4.07465431E+06
1.66011896E+06
6.94315573E+05
2.97055460E+05
1.29776005E+05
5.78418008E+04
2.63102504E+04
1.22321973E+04
5.82689639E+03
2.85020292E+03
1.43208994E+03
7.38471488E+02
3.89540685E+02
2.09317097E+02
1.14851360E+02
6.34628599E+01
3.48887032E+01
1.96730471E+01
1.08150612E+01
5.86527652E+00
3.08968066E+00
1.58217743E+00
7.60788432E-01
3.16166945E-01
1.27759257E-01
4.73994779E-02
   20    0    0
2.88618616E+05
6.61867039E+04
2.06123777E+04
7.64191493E+03
3.20284932E+03
1.46936690E+03
7.20425758E+02
3.71701405E+02
1.98719159E+02
1.09269598E+02
6.08408842E+01
3.38207846E+01
1.90949786E+01
1.06964629E+01
5.84421118E+00
3.13077416E+00
1.58741635E+00
7.68994389E-01
3.45463665E-01
1.26581305E-01
   13    0    0
2.80612263E+03
9.20053669E+02
3.84620369E+02
1.81129166E+02
9.12133221E+01
4.76074492E+01
2.53506837E+01
1.35248785E+01
7.07012125E+00
3.58966038E+00
1.71638381E+00
6.93496557E-01
3.06775240E-01



** Available from the Dirac web site, http://dirac.chem.sdu.dk **