4
   35    0    0
5.23799264E+07
1.39243286E+07
4.73221874E+06
1.77654820E+06
7.30361696E+05
3.17550479E+05
1.45627386E+05
6.95052171E+04
3.45135157E+04
1.77399324E+04
9.45016585E+03
5.22044631E+03
3.01773055E+03
1.84961315E+03
1.24104198E+03
8.59874466E+02
5.75488016E+02
3.70799507E+02
2.34424619E+02
1.46206219E+02
9.44923485E+01
6.23597524E+01
4.06634763E+01
2.90453402E+01
1.91962782E+01
1.21287140E+01
7.55527084E+00
4.76212099E+00
3.08903042E+00
1.86070937E+00
1.07350022E+00
5.63436145E-01
2.99741663E-01
1.49319761E-01
6.53593169E-02
   35    0    0
8.95283268E+07
3.92544355E+07
1.68890395E+07
7.43198007E+06
3.34302600E+06
1.53313566E+06
7.14818682E+05
3.38429639E+05
1.62592154E+05
7.92426176E+04
3.91704662E+04
1.96476567E+04
1.00207773E+04
5.21092833E+03
2.76757524E+03
1.50146919E+03
8.31966562E+02
4.70443277E+02
2.70741286E+02
1.58723125E+02
9.48902770E+01
5.68018302E+01
3.40914977E+01
2.08355329E+01
1.25576715E+01
7.47618060E+00
4.46042724E+00
2.64115336E+00
1.55375259E+00
9.02077303E-01
5.07917555E-01
2.66032301E-01
1.33259718E-01
6.45491010E-02
3.01679730E-02
   24    0    0
1.39359689E+06
3.17890374E+05
9.72932834E+04
3.51219359E+04
1.42255879E+04
6.29399898E+03
2.99220276E+03
1.50820677E+03
7.96269237E+02
4.36646597E+02
2.46374386E+02
1.42203929E+02
8.33368684E+01
4.91983532E+01
2.92291987E+01
1.74763209E+01
1.03943489E+01
6.07649384E+00
3.50858263E+00
1.97696303E+00
1.08142891E+00
5.71221099E-01
2.86471548E-01
1.26597270E-01
   16    0    0
7.56966134E+03
2.41096043E+03
9.93912208E+02
4.67277691E+02
2.38790675E+02
1.28287391E+02
7.14744191E+01
4.05083219E+01
2.32785505E+01
1.33730647E+01
7.55766996E+00
4.21695517E+00
2.29985956E+00
1.19523675E+00
5.35074608E-01
2.03550735E-01
    1    0    0
4.49813260E-01



** Available from the Dirac web site, http://dirac.chem.sdu.dk **