19
  35455487.70808263      0
  7878997.268462807      0
  2626332.4228209355         3
  875444.1409403118         3
  291814.71364677063         3
  97271.57121559021         4
  32423.857071863404         4
  10807.9523572878         4
  3602.6507857626         4
  1200.8835952542001         5
  400.29453175140003         5
  133.43151058380002         5
  44.477170194600006         5
  14.825723398200003         5
  4.941907799400001         5
  1.6473025998000004         5
  0.5491008666000001         5
  0.18303362220000005         5
  0.06101120740000002         3
