19
  35455487.70808263      2
  7878997.268462807      2
  2626332.4228209355         2
  875444.1409403118         2
  291814.71364677063         2
  97271.57121559021         4
  32423.857071863404         4
  10807.9523572878         4
  3602.6507857626         4
  1200.8835952542001         4
  400.29453175140003         4
  133.43151058380002         4
  44.477170194600006         4
  14.825723398200003         4
  4.941907799400001         4
  1.6473025998000004         4
  0.5491008666000001         4
  0.18303362220000005         4
  0.06101120740000002         2
