20
  48215513.067752115      0
  10714558.459500471      0
  3571519.486500157         3
  1190506.4955000523         4
  396835.49850001745         4
  132278.49950000583         4
  44092.833166668606         4
  14697.611055556203         4
  4899.203685185401         5
  1633.0678950618003         5
  544.3559650206001         5
  181.45198834020005         5
  60.48399611340002         5
  20.161332037800005         5
  6.720444012600002         5
  2.2401480042000004         6
  0.7467160014000002         6
  0.24890533380000004         7
  0.08296844460000001         4
  0.027656148200000005         3
