31
  131020570.2362366      2
  32755142.55905915      2
  16377571.279529575         2
  8188785.639764788         2
  4094392.819882394         2
  2047196.409941197         2
  1023598.2049705985         2
  511799.1024852992         2
  255899.5512426496         2
  127949.7756213248         2
  63974.8878106624         4
  31987.4439053312         4
  15993.7219526656         4
  7996.8609763328         4
  3998.4304881664         4
  1999.2152440832         4
  999.6076220416         4
  499.8038110208         4
  249.9019055104         4
  124.9509527552         4
  62.4754763776         4
  31.2377381888         4
  15.6188690944         4
  7.8094345472         4
  3.9047172736         4
  1.9523586368         4
  0.9761793184         4
  0.4880896592         4
  0.2440448296         4
  0.1220224148         4
  0.0610112074         2
