20
  48215513.067752115      0
  10714558.459500471      0
  3571519.486500157         2
  1190506.4955000523         3
  396835.49850001745         3
  132278.49950000583         3
  44092.833166668606         3
  14697.611055556203         3
  4899.203685185401         4
  1633.0678950618003         4
  544.3559650206001         4
  181.45198834020005         4
  60.48399611340002         4
  20.161332037800005         4
  6.720444012600002         4
  2.2401480042000004         5
  0.7467160014000002         5
  0.24890533380000004         6
  0.08296844460000001         3
  0.027656148200000005         2
