20
  65722937.185282074      0
  14605097.152284905      0
  4868365.717428301         3
  1622788.5724761004         3
  540929.5241587001         3
  180309.84138623337         4
  60103.28046207779         4
  20034.426820692595         4
  6678.142273564198         4
  2226.0474245213995         5
  742.0158081737999         5
  247.33860272459995         5
  82.44620090819998         5
  27.482066969399995         5
  9.160688989799999         5
  3.0535629965999997         5
  1.0178543322         5
  0.3392847774         6
  0.11309492580000001         5
  0.0376983086         3
