3
   24    0    0
5.86523222E+07
1.46509179E+07
4.54024629E+06
1.52743078E+06
5.49936115E+05
2.08144309E+05
8.24407556E+04
3.39837555E+04
1.45305725E+04
6.42240054E+03
2.92583522E+03
1.37018241E+03
6.56384276E+02
3.06798748E+02
1.54143442E+02
7.92090504E+01
3.85527318E+01
2.02016600E+01
9.08793459E+00
4.58422757E+00
1.57298428E+00
7.14480876E-01
1.49761303E-01
5.32813552E-02
   19    0    0
6.58812096E+06
1.00793453E+06
2.10295974E+05
5.29831050E+04
1.55123428E+04
5.18167400E+03
1.93817750E+03
7.93881697E+02
3.47772944E+02
1.59917370E+02
7.51490188E+01
3.69898833E+01
1.84212154E+01
8.78007220E+00
4.20472312E+00
1.62738023E+00
6.52530577E-01
1.41228970E-01
4.24167938E-02
   12    0    0
4.32044309E+03
1.16558301E+03
4.24469348E+02
1.78178267E+02
8.10128713E+01
3.84941157E+01
1.84205784E+01
8.67894135E+00
3.97790975E+00
1.55252941E+00
5.86934064E-01
1.91099852E-01
    9    0    0
3.76572611E+02
1.27871037E+02
5.33480736E+01
2.42690393E+01
1.13864676E+01
5.28400791E+00
2.33781163E+00
9.06397634E-01
2.68636660E-01



** Available from the Dirac web site, http://dirac.chem.sdu.dk **