4
   30    0    0
6.23420892E+07
1.65899440E+07
5.68116212E+06
2.16484183E+06
9.02504897E+05
3.97530860E+05
1.83323908E+05
8.72993169E+04
4.27067310E+04
2.13512541E+04
1.08831873E+04
5.64294132E+03
2.97163388E+03
1.58715347E+03
8.58678103E+02
4.70062704E+02
2.58419336E+02
1.44521405E+02
8.13902372E+01
4.48666004E+01
2.60540936E+01
1.48571344E+01
8.01886656E+00
4.41202599E+00
2.20284608E+00
1.17470525E+00
5.80381761E-01
2.00629250E-01
8.76560267E-02
3.77078534E-02
   24    0    0
2.56816279E+07
5.20810428E+06
1.28741914E+06
3.61867997E+05
1.12348863E+05
3.79653781E+04
1.38862603E+04
5.48115986E+03
2.32167481E+03
1.04567665E+03
4.95087586E+02
2.43802442E+02
1.24045191E+02
6.43245977E+01
3.44043695E+01
1.84606294E+01
9.63428838E+00
4.99885830E+00
2.43707997E+00
1.19413604E+00
5.46504578E-01
1.89449186E-01
7.29907816E-02
2.74782345E-02
   15    0    0
1.37262779E+04
3.49719416E+03
1.23101317E+03
5.11612320E+02
2.34473881E+02
1.14629999E+02
5.81679073E+01
3.02888445E+01
1.57194762E+01
7.99126375E+00
3.98671881E+00
1.84805425E+00
8.23896247E-01
3.40065701E-01
1.26055379E-01
   11    0    0
7.53390681E+02
2.56761361E+02
1.09322089E+02
5.15465796E+01
2.56806054E+01
1.30913817E+01
6.62207100E+00
3.24480990E+00
1.45574803E+00
4.85551654E-01
1.61951390E-01
    2    0    0
1.06377326E+00
3.54812010E-01



** Available from the Dirac web site, http://dirac.chem.sdu.dk **