5
   34    0    0
6.23780991E+07
1.66101170E+07
5.69657852E+06
2.17560236E+06
9.09700186E+05
4.02379219E+05
1.86860485E+05
8.98367864E+04
4.44127471E+04
2.24417803E+04
1.15809653E+04
6.10199490E+03
3.28110684E+03
1.79879434E+03
1.00553543E+03
5.73943870E+02
3.35558927E+02
2.03441597E+02
1.26916346E+02
7.93599935E+01
4.78037111E+01
2.97800051E+01
1.82718019E+01
1.12496267E+01
6.95014290E+00
4.29354941E+00
2.56031568E+00
1.50060613E+00
8.52083862E-01
4.65934749E-01
2.28350455E-01
1.14291920E-01
5.73908361E-02
2.86374375E-02
   30    0    0
5.68475118E+07
1.65556990E+07
5.23595720E+06
1.78396405E+06
6.44821160E+05
2.45142111E+05
9.74756010E+04
4.04321956E+04
1.74914029E+04
7.89919404E+03
3.72285116E+03
1.82610784E+03
9.28401321E+02
4.86587287E+02
2.61662685E+02
1.43583570E+02
7.99058471E+01
4.52340492E+01
2.61019088E+01
1.50335031E+01
8.46913428E+00
4.78451346E+00
2.64002033E+00
1.43799995E+00
7.66201942E-01
3.97343035E-01
1.81310349E-01
8.46979423E-02
3.95778151E-02
1.83812888E-02
   19    0    0
6.87829029E+04
1.64862299E+04
5.47337733E+03
2.17369284E+03
9.70621535E+02
4.70040554E+02
2.40735433E+02
1.28568499E+02
7.05027244E+01
3.94584677E+01
2.22332444E+01
1.24157851E+01
6.85338484E+00
3.72968164E+00
1.95978613E+00
9.91592559E-01
4.80676651E-01
2.21093312E-01
9.44133195E-02
   13    0    0
1.51528666E+03
5.12934398E+02
2.18629243E+02
1.04943932E+02
5.36856800E+01
2.85118211E+01
1.53994937E+01
8.22346785E+00
4.25721035E+00
2.06404203E+00
8.88825356E-01
3.52154887E-01
1.39524670E-01
    4    0    0
2.70940250E+00
1.69216767E+00
6.29269249E-01
2.34007410E-01
    2    0    0
1.28755725E+00
4.78806100E-01



** Available from the Dirac web site, http://dirac.chem.sdu.dk **