4
   24    0    0
4.12228873E+07
5.74446770E+06
1.19350635E+06
3.10634794E+05
9.44078490E+04
3.21498729E+04
1.19495547E+04
4.76098314E+03
2.00755578E+03
8.87669181E+02
4.08670697E+02
1.94741042E+02
9.55290823E+01
4.80131604E+01
2.45945315E+01
1.26681170E+01
6.26736410E+00
3.18276645E+00
1.60837367E+00
8.07843666E-01
3.26463023E-01
1.69727204E-01
8.13328412E-02
3.83113354E-02
   14    0    0
3.87876942E+03
8.17737267E+02
2.51393572E+02
9.27759266E+01
3.81467328E+01
1.68656925E+01
7.81729455E+00
3.69397636E+00
1.75418419E+00
8.24109385E-01
3.37203071E-01
1.51203602E-01
6.98916466E-02
3.19299553E-02
    3    0    0
4.66918250E-01
1.97951281E-01
7.98372237E-02
    2    0    0
4.19416693E-01
1.83361732E-01
    1    0    0
3.63854018E-01



** Available from the Dirac web site, http://dirac.chem.sdu.dk **