3
   18    0    0
2.61331085E+06
3.31186418E+05
6.76439892E+04
1.77512990E+04
5.47170610E+03
1.89046782E+03
7.11885559E+02
2.86814317E+02
1.21953792E+02
5.41539831E+01
2.49055108E+01
1.16165181E+01
4.67403256E+00
2.07092561E+00
9.11699442E-01
2.42262347E-01
1.12347602E-01
4.81455638E-02
   11    0    0
1.03998302E+03
2.35924557E+02
7.45497969E+01
2.76112956E+01
1.12518394E+01
4.80517072E+00
2.07472125E+00
8.86303251E-01
3.01277072E-01
1.11022663E-01
4.01002471E-02
    2    0    0
3.25083805E-01
1.08309330E-01
    1    0    0
2.77036599E-01



** Available from the Dirac web site, http://dirac.chem.sdu.dk **