5
   34    0    0
6.41372745E+07
1.70676239E+07
5.84546864E+06
2.22740488E+06
9.27359438E+05
4.07264037E+05
1.86767317E+05
8.82681628E+04
4.28122025E+04
2.12317815E+04
1.07506464E+04
5.55006857E+03
2.92012927E+03
1.56557310E+03
8.54939856E+02
4.75289223E+02
2.68978522E+02
1.58942199E+02
1.02971268E+02
7.22766505E+01
4.49945109E+01
2.84325700E+01
1.73749870E+01
1.03301075E+01
6.09437248E+00
3.55925540E+00
1.99918320E+00
1.13334515E+00
6.32945379E-01
3.48000102E-01
1.87397350E-01
9.54574252E-02
4.84357289E-02
2.42804035E-02
   30    0    0
5.36094395E+07
1.48550092E+07
4.53588143E+06
1.50330664E+06
5.31806678E+05
1.98791315E+05
7.80229694E+04
3.20804960E+04
1.38191825E+04
6.23715198E+03
2.94450834E+03
1.44864168E+03
7.39150629E+02
3.88724659E+02
2.09666977E+02
1.15188986E+02
6.40547159E+01
3.63032231E+01
2.08852715E+01
1.19652423E+01
6.71375076E+00
3.75569321E+00
2.04595084E+00
1.10245970E+00
5.86443306E-01
3.06579908E-01
1.44142573E-01
6.95323016E-02
3.35333840E-02
1.60492793E-02
   19    0    0
5.39800429E+04
1.30823775E+04
4.39464363E+03
1.76270432E+03
7.93400108E+02
3.86547755E+02
1.98863476E+02
1.06528812E+02
5.84792814E+01
3.27170244E+01
1.83830156E+01
1.01996550E+01
5.57171057E+00
2.97842224E+00
1.52348741E+00
7.44648139E-01
3.48699293E-01
1.55118230E-01
6.43635589E-02
   13    0    0
1.17940585E+03
4.01800933E+02
1.71509473E+02
8.23259468E+01
4.19197084E+01
2.21283215E+01
1.18143991E+01
6.18853456E+00
3.10192825E+00
1.43032657E+00
5.71994826E-01
2.17567918E-01
8.27556430E-02
    4    0    0
1.86903850E+00
1.12478072E+00
3.78962199E-01
1.27680310E-01
    2    0    0
8.49610921E-01
2.86251730E-01



** Available from the Dirac web site, http://dirac.chem.sdu.dk **