5
   31    0    0
    6.41018810E+07
    1.70489853E+07
    5.83172802E+06
    2.21674430E+06
    9.19067252E+05
    4.01635627E+05
    1.83347184E+05
    8.63415862E+04
    4.17500855E+04
    2.06388903E+04
    1.04104107E+04
    5.34910785E+03
    2.79598694E+03
    1.48390359E+03
    7.97876636E+02
    4.33738585E+02
    2.35243925E+02
    1.30186961E+02
    7.25024908E+01
    3.94137929E+01
    2.26968708E+01
    1.27882613E+01
    6.83884335E+00
    3.68337589E+00
    1.75976731E+00
    9.38336790E-01
    4.60600973E-01
    1.52587336E-01
    6.98528887E-02
    3.09430068E-02
    1.08975288E-02
   25    0    0
    2.24544773E+07
    4.32854740E+06
    1.03831690E+06
    2.86258639E+05
    8.78650783E+04
    2.95631043E+04
    1.08377599E+04
    4.30814488E+03
    1.84138849E+03
    8.36873085E+02
    3.99336748E+02
    1.97979850E+02
    1.01183828E+02
    5.25965396E+01
    2.81957226E+01
    1.51139595E+01
    7.88574213E+00
    4.05650421E+00
    1.94352021E+00
    9.41911766E-01
    4.32086298E-01
    1.55320744E-01
    6.23521199E-02
    2.41814578E-02
    5.81558266E-03
   16    0    0
    1.09440668E+04
    2.82590536E+03
    1.00506052E+03
    4.20641404E+02
    1.93596219E+02
    9.48318785E+01
    4.81079983E+01
    2.49883902E+01
    1.28835587E+01
    6.47991139E+00
    3.16168325E+00
    1.40832492E+00
    5.98056754E-01
    2.35135087E-01
    8.33820662E-02
    2.61741825E-02
   11    0    0
    5.38338168E+02
    1.83656052E+02
    7.80869452E+01
    3.64309995E+01
    1.79326205E+01
    8.94381629E+00
    4.39438207E+00
    2.07200822E+00
    8.89768088E-01
    2.74587115E-01
    8.47390320E-02
    5    0    0
    7.63141990E+01
    1.52461890E+01
    4.68265670E+00
    5.41552147E-01
    1.67125850E-01
    1    0    0
    9.78739520E+00
#Extracted from:
# basis dyall.aae2z
#K.G. Dyall, Theor. Chem. Acc. (2016) 135:128
#https://doi.org/10.5281/zenodo.7574628
