3
   24    0    0
5.89486040E+07
1.44070221E+07
4.35631737E+06
1.43373452E+06
5.06548025E+05
1.88892006E+05
7.39513348E+04
3.02204600E+04
1.28397456E+04
5.65005292E+03
2.56656019E+03
1.19988485E+03
5.74088445E+02
2.66527833E+02
1.33720973E+02
6.85279739E+01
3.31821033E+01
1.73209945E+01
7.70741883E+00
3.80272419E+00
1.22469783E+00
5.53733588E-01
1.12566398E-01
4.23961480E-02
   19    0    0
4.79971658E+06
7.14887720E+05
1.47921399E+05
3.73960360E+04
1.11009280E+04
3.78314170E+03
1.44416267E+03
6.01916443E+02
2.67337534E+02
1.24137402E+02
5.83671290E+01
2.88291858E+01
1.41881361E+01
6.86533841E+00
3.26623219E+00
1.25130227E+00
4.98501311E-01
1.10731145E-01
3.55460066E-02
   12    0    0
3.57423197E+03
9.75233417E+02
3.57425265E+02
1.50519306E+02
6.84571992E+01
3.24602555E+01
1.54322894E+01
7.19626846E+00
3.20850876E+00
1.17362261E+00
4.17928550E-01
1.28319855E-01
    9    0    0
2.82322994E+02
9.58440682E+01
3.95772430E+01
1.77787614E+01
8.14859992E+00
3.65176667E+00
1.53726808E+00
5.61430649E-01
1.59256210E-01



** Available from the Dirac web site, http://dirac.chem.sdu.dk **