26
  6406756.329796404      2
  1601689.082449101      2
  800844.5412245505         2
  400422.2706122752         2
  200211.1353061376         2
  100105.5676530688         2
  50052.7838265344         2
  25026.3919132672         2
  12513.1959566336         2
  6256.5979783168         2
  3128.2989891584         2
  1564.1494945792         2
  782.0747472896         2
  391.0373736448         2
  195.5186868224         2
  97.7593434112         4
  48.8796717056         4
  24.4398358528         4
  12.2199179264         4
  6.1099589632         4
  3.0549794816         4
  1.5274897408         4
  0.7637448704         2
  0.3818724352         2
  0.1909362176         2
  0.0954681088         2
