20
  86080641.57969204      0
  19129031.46215379      0
  6376343.82071793         2
  2125447.94023931         2
  708482.6467464366         3
  236160.8822488122         3
  78720.2940829374         3
  26240.0980276458         3
  8746.6993425486         3
  2915.5664475162         3
  971.8554825053999         4
  323.9518275018         4
  107.9839425006         4
  35.994647500199996         4
  11.998215833399998         6
  3.9994052777999993         7
  1.3331350925999998         5
  0.44437836419999993         4
  0.14812612139999998         3
  0.04937537379999999         3
