19
  34615127.68792286      0
  7692250.597316191      0
  2564083.5324387304         2
  854694.5108129102         2
  284898.17027097003         2
  94966.05675699002         3
  31655.352252330005         3
  10551.784084110002         3
  3517.261361370001         3
  1172.4204537900002         3
  390.8068179300001         4
  130.26893931000004         4
  43.42297977000001         4
  14.474326590000004         4
  4.824775530000001         6
  1.6082585100000004         5
  0.5360861700000001         4
  0.17869539000000004         3
  0.059565130000000015         3
