20
  86080641.57969204      0
  19129031.46215379      0
  6376343.82071793         1
  2125447.94023931         1
  708482.6467464366         2
  236160.8822488122         2
  78720.2940829374         2
  26240.0980276458         2
  8746.6993425486         2
  2915.5664475162         2
  971.8554825053999         3
  323.9518275018         3
  107.9839425006         3
  35.994647500199996         3
  11.998215833399998         5
  3.9994052777999993         6
  1.3331350925999998         4
  0.44437836419999993         3
  0.14812612139999998         2
  0.04937537379999999         2
