20
  119705481.12122266      0
  26601218.026938368      0
  8867072.675646123         2
  2955690.891882041         2
  985230.2972940137         3
  328410.0990980046         3
  109470.03303266819         3
  36490.01101088939         3
  12163.337003629798         4
  4054.4456678765996         4
  1351.4818892921999         4
  450.49396309739996         4
  150.16465436579998         4
  50.05488478859999         4
  16.684961596199997         4
  5.561653865399999         4
  1.8538846217999998         4
  0.6179615406      6
  0.20598718019999998         2
  0.0686623934         2