19
  61772100.01891124      0
  13727133.33753583      0
  4575711.112511943         3
  1525237.037503981         3
  508412.34583466034         4
  169470.78194488678         4
  56490.260648295596         4
  18830.086882765198         4
  6276.6956275883995         4
  2092.2318758628         5
  697.4106252875999         5
  232.47020842919997         5
  77.4900694764         5
  25.8300231588         5
  8.6100077196         5
  2.8700025732000003         5
  0.9566675244000001         5
  0.31888917480000006         4
  0.10629639160000003         3
