20
  119705481.12122266      0
  26601218.026938368      0
  8867072.675646123         3
  2955690.891882041         3
  985230.2972940137         4
  328410.0990980046         4
  109470.03303266819         4
  36490.01101088939         4
  12163.337003629798         5
  4054.4456678765996         5
  1351.4818892921999         5
  450.49396309739996         5
  150.16465436579998         5
  50.05488478859999         5
  16.684961596199997         5
  5.561653865399999         5
  1.8538846217999998         5
  0.6179615406      6
  0.20598718019999998         3
  0.0686623934         3