18
  34595427.317315154      0
  7687872.737181146      0
  2562624.2457270487         3
  854208.0819090162         3
  284736.0273030054         3
  94912.0091010018         4
  31637.336367000597         4
  10545.778789000198         4
  3515.2595963333993         4
  1171.7531987777998         5
  390.58439959259994         5
  130.19479986419998         5
  43.39826662139999         5
  14.466088873799997         5
  4.822029624599999         5
  1.6073432081999997         4
  0.5357810693999999         4
  0.17859368979999998         3
