29
  95881757.1203711      2
  23970439.280092776      2
  11985219.640046388         2
  5992609.820023194         2
  2996304.910011597         2
  1498152.4550057985         2
  749076.2275028992         2
  374538.1137514496         2
  187269.0568757248         2
  93634.5284378624         4
  46817.2642189312         4
  23408.6321094656         4
  11704.3160547328         4
  5852.1580273664         4
  2926.0790136832         4
  1463.0395068416         4
  731.5197534208         4
  365.7598767104         4
  182.8799383552         4
  91.4399691776         4
  45.7199845888         4
  22.8599922944         4
  11.4299961472         4
  5.7149980736         4
  2.8574990368         4
  1.4287495184         4
  0.7143747592         4
  0.3571873796         2
  0.1785936898         2
