18
  34595427.317315154      2
  7687872.737181146      2
  2562624.2457270487         2
  854208.0819090162         2
  284736.0273030054         2
  94912.0091010018         4
  31637.336367000597         4
  10545.778789000198         4
  3515.2595963333993         4
  1171.7531987777998         4
  390.58439959259994         4
  130.19479986419998         4
  43.39826662139999         4
  14.466088873799997         4
  4.822029624599999         4
  1.6073432081999997         4
  0.5357810693999999         4
  0.17859368979999998         2
