5
31 0 0
     6.0379848E+07
     1.6069074E+07
     5.5015802E+06
     2.0954115E+06
     8.7374799E+05
     3.8524002E+05
     1.7804316E+05
     8.5048028E+04
     4.1765644E+04
     2.0967300E+04
     1.0736381E+04
     5.5961231E+03
     2.9652904E+03
     1.5950776E+03
     8.6951026E+02
     4.7929255E+02
     2.6797864E+02
     1.5196290E+02
     8.6950223E+01
     4.9245474E+01
     2.8925003E+01
     1.6800521E+01
     9.2372364E+00
     5.2232768E+00
     2.7780472E+00
     1.4908662E+00
     7.6578374E-01
     2.9782994E-01
     1.3602521E-01
     5.8961692E-02
     2.0234424E-02
27 0 0
     4.4887606E+07
     1.1682197E+07
     3.4112770E+06
     1.0885928E+06
     3.7241499E+05
     1.3512508E+05
     5.1702874E+04
     2.0820404E+04
     8.8246555E+03
     3.9348743E+03
     1.8410328E+03
     8.9938019E+02
     4.5545275E+02
     2.3762110E+02
     1.2646789E+02
     6.7724184E+01
     3.7172446E+01
     2.0330129E+01
     1.0828787E+01
     5.7825385E+00
     2.9357262E+00
     1.4777322E+00
     7.0133342E-01
     2.6379410E-01
     1.0447107E-01
     3.9759251E-02
     1.2367565E-02
18 0 0
     3.2935606E+04 
     8.0641741E+03 
     2.7412168E+03 
     1.1109262E+03 
     5.0292210E+02 
     2.4470432E+02 
     1.2528523E+02 
     6.6155457E+01 
     3.5749654E+01 
     1.9340618E+01 
     1.0276006E+01 
     5.4201146E+00 
     2.7625281E+00 
     1.3583997E+00 
     6.3806451E-01 
     2.8184202E-01 
     1.0611896E-01  
     3.2203592E-02
12 0 0
     1.0052028E+03
     3.4149553E+02
     1.4527580E+02
     6.8936518E+01
     3.4597547E+01
     1.7884545E+01
     9.2219691E+00
     4.6426660E+00
     2.1686614E+00
     8.0216719E-01
     2.5308502E-01
     8.7766416E-02
4 0 0
      9.8699432E+01
      2.4547625E+01  
      8.0831187E+00
      1.6746100E+00
1 0 0
      1.5915627E+01
