3
   30    0    0
6.04132058E+07
1.60781395E+07
5.50296684E+06
2.09487767E+06
8.73598814E+05
3.85568070E+05
1.78562706E+05
8.54972388E+04
4.20812353E+04
2.11623560E+04
1.08446488E+04
5.64931617E+03
2.98767414E+03
1.60218822E+03
8.69844819E+02
4.76533840E+02
2.65861795E+02
1.50451696E+02
8.61199521E+01
4.96704287E+01
2.92099898E+01
1.70811312E+01
9.56814016E+00
5.48420451E+00
3.02567504E+00
1.63701424E+00
8.66086655E-01
3.73699821E-01
1.74012749E-01
7.67323249E-02
   26    0    0
4.70483094E+07
1.25428734E+07
3.72157602E+06
1.20167538E+06
4.14740809E+05
1.51433022E+05
5.81666935E+04
2.34651738E+04
9.94478784E+03
4.42681812E+03
2.06558607E+03
1.00588033E+03
5.07734618E+02
2.64074877E+02
1.40231877E+02
7.50681654E+01
4.11869237E+01
2.25585038E+01
1.20443832E+01
6.46951983E+00
3.32581203E+00
1.69891908E+00
8.30278160E-01
3.38402297E-01
1.39823852E-01
5.47226927E-02
   17    0    0
3.94476700E+04
9.58557164E+03
3.23232873E+03
1.30121862E+03
5.86354416E+02
2.84457341E+02
1.45444577E+02
7.68140169E+01
4.15825297E+01
2.25967572E+01
1.20861528E+01
6.43980393E+00
3.34518237E+00
1.68154993E+00
8.14193870E-01
3.72050658E-01
1.48634616E-01
   11    0    0
1.13495050E+03
3.84763958E+02
1.63553758E+02
7.77420903E+01
3.91113585E+01
2.03125894E+01
1.05482774E+01
5.36738054E+00
2.55387945E+00
9.88738949E-01
3.21912863E-01



** Available from the Dirac web site, http://dirac.chem.sdu.dk **