3
   24    0    0
5.83099270E+07
1.49430679E+07
4.78316183E+06
1.66076999E+06
6.15531036E+05
2.38575062E+05
9.63301741E+04
4.03038171E+04
1.74276022E+04
7.76599981E+03
3.55802853E+03
1.67229646E+03
8.03189111E+02
3.79694900E+02
1.91317460E+02
9.86768775E+01
4.82455671E+01
2.54409112E+01
1.16672459E+01
6.07428396E+00
2.29230811E+00
1.12470444E+00
2.99794160E-01
1.14926500E-01
   20    0    0
1.60947307E+07
2.86516751E+06
6.48913936E+05
1.70700193E+05
5.04504867E+04
1.65086424E+04
5.94571483E+03
2.33841649E+03
9.91719770E+02
4.46207589E+02
2.10147178E+02
1.01715388E+02
5.02831330E+01
2.53679474E+01
1.20014535E+01
5.86779855E+00
2.38995036E+00
1.03602518E+00
2.82313749E-01
9.04113582E-02
   14    0    0
1.23256609E+04
3.14433523E+03
1.10687289E+03
4.58688520E+02
2.09270647E+02
1.01414646E+02
5.10053207E+01
2.60297016E+01
1.31054355E+01
6.53090018E+00
3.09916893E+00
1.43365559E+00
6.19815647E-01
2.29483247E-01
    8    0    0
5.82612869E+02
1.97561084E+02
8.33493584E+01
3.85056868E+01
1.86165214E+01
9.02103234E+00
4.25765078E+00
1.82952431E+00



** Available from the Dirac web site, http://dirac.chem.sdu.dk **