4
   34    0    0
6.04328296E+07
1.60878604E+07
5.51104078E+06
2.10210157E+06
8.80329257E+05
3.91215357E+05
1.83148210E+05
8.90430630E+04
4.47126112E+04
2.30328519E+04
1.21383059E+04
6.52683277E+03
3.57601432E+03
1.99746223E+03
1.14186935E+03
6.69879961E+02
3.98537556E+02
2.43269855E+02
1.52179619E+02
9.70210495E+01
6.28565464E+01
3.91406006E+01
2.39584593E+01
1.44913673E+01
8.99319907E+00
5.61426467E+00
3.49544470E+00
2.17739099E+00
1.39471720E+00
8.63080241E-01
4.94222392E-01
2.61057660E-01
1.32024835E-01
6.27723529E-02
   31    0    0
7.23716897E+07
2.49958826E+07
8.91977297E+06
3.35950468E+06
1.32435645E+06
5.43008453E+05
2.29715439E+05
9.98523381E+04
4.46402852E+04
2.05702902E+04
9.78360770E+03
4.81001475E+03
2.44518465E+03
1.28266698E+03
6.91437607E+02
3.81515268E+02
2.14893627E+02
1.22679379E+02
7.05253391E+01
4.12721577E+01
2.40705992E+01
1.37916628E+01
7.97328043E+00
4.56696330E+00
2.55222864E+00
1.39354574E+00
7.40356778E-01
3.65339944E-01
1.75549207E-01
8.28366001E-02
3.82593378E-02
   21    0    0
1.80336900E+05
4.22511021E+04
1.35633203E+04
5.20206304E+03
2.25293395E+03
1.06543755E+03
5.37408365E+02
2.84078958E+02
1.55763068E+02
8.74759532E+01
5.00671952E+01
2.88587114E+01
1.65398832E+01
9.42388617E+00
5.34235897E+00
2.97421678E+00
1.61452746E+00
8.77324890E-01
5.06980661E-01
2.90486308E-01
1.19140848E-01
   14    0    0
2.77665712E+03
9.22560061E+02
3.91651729E+02
1.87520688E+02
9.69525563E+01
5.22731107E+01
2.90760873E+01
1.63559770E+01
9.19392819E+00
5.11237947E+00
2.75460404E+00
1.38654510E+00
4.93276104E-01
1.98196926E-01
    1    0    0
4.04617644E-01



** Available from the Dirac web site, http://dirac.chem.sdu.dk **