21
  99664369.25383703      0
  22147637.611963786      0
  7382545.870654595         3
  2460848.6235515317         3
  820282.8745171772         3
  273427.6248390591         3
  91142.5416130197         3
  30380.847204339898         4
  10126.9490681133         4
  3375.6496893710996         4
  1125.2165631236999         4
  375.07218770789996         4
  125.02406256929999         4
  41.6746875231         4
  13.8915625077         4
  4.6305208359         4
  1.5435069452999999         5
  0.5145023151         6
  0.1715007717         4
  0.0571669239         3
  0.0190556413         3
