20
  67852689.15622523      0
  15078375.368050054      0
  5026125.122683351         2
  1675375.0408944504         2
  558458.3469648168         3
  186152.7823216056         3
  62050.9274405352         3
  20683.642480178398         3
  6894.547493392799         3
  2298.1824977976         4
  766.0608325991999         4
  255.35361086639998         4
  85.11787028879999         4
  28.372623429599997         4
  9.457541143199999         4
  3.1525137143999995         4
  1.0508379047999998         4
  0.3502793015999999         4
  0.11675976719999998         3
  0.038919922399999994         2
