31
  83579896.93542892      2
  20894974.23385723      2
  10447487.116928615         2
  5223743.558464307         2
  2611871.7792321537         2
  1305935.8896160768         2
  652967.9448080384         2
  326483.9724040192         2
  163241.9862020096         2
  81620.9931010048         2
  40810.4965505024         2
  20405.2482752512         2
  10202.6241376256         2
  5101.3120688128         2
  2550.6560344064         2
  1275.3280172032         2
  637.6640086016         2
  318.8320043008         2
  159.4160021504         2
  79.7080010752         2
  39.8540005376         2
  19.9270002688         2
  9.9635001344         2
  4.9817500672         2
  2.4908750336         2
  1.2454375168         2
  0.6227187584         2
  0.3113593792         2
  0.1556796896         2
  0.0778398448         2
  0.0389199224         2
