20
  67852689.15622523      0
  15078375.368050054      0
  5026125.122683351         1
  1675375.0408944504         1
  558458.3469648168         2
  186152.7823216056         2
  62050.9274405352         2
  20683.642480178398         2
  6894.547493392799         2
  2298.1824977976         3
  766.0608325991999         3
  255.35361086639998         3
  85.11787028879999         3
  28.372623429599997         3
  9.457541143199999         3
  3.1525137143999995         3
  1.0508379047999998         3
  0.3502793015999999         3
  0.11675976719999998         2
  0.038919922399999994         1
