20
  67852689.15622523      2
  15078375.368050054      2
  5026125.122683351         2
  1675375.0408944504         2
  558458.3469648168         2
  186152.7823216056         2
  62050.9274405352         2
  20683.642480178398         2
  6894.547493392799         2
  2298.1824977976         2
  766.0608325991999         2
  255.35361086639998         2
  85.11787028879999         2
  28.372623429599997         2
  9.457541143199999         2
  3.1525137143999995         2
  1.0508379047999998         2
  0.3502793015999999         2
  0.11675976719999998         2
  0.038919922399999994         2
