20
  50782867.9874093      0
  11285081.774979845      0
  3761693.9249932817         3
  1253897.9749977605         3
  417965.9916659202         3
  139321.9972219734         3
  46440.6657406578         3
  15480.221913552601         3
  5160.073971184201         4
  1720.0246570614001         4
  573.3415523538         4
  191.1138507846         4
  63.704616928200004         4
  21.2348723094         4
  7.0782907698         4
  2.3594302566         4
  0.7864767522         5
  0.2621589174         5
  0.08738630580000001         3
  0.029128768600000004         3
