21
  99664369.25383703      0
  22147637.611963786      0
  7382545.870654595         2
  2460848.6235515317         2
  820282.8745171772         2
  273427.6248390591         2
  91142.5416130197         2
  30380.847204339898         3
  10126.9490681133         3
  3375.6496893710996         3
  1125.2165631236999         3
  375.07218770789996         3
  125.02406256929999         3
  41.6746875231         3
  13.8915625077         3
  4.6305208359         3
  1.5435069452999999         4
  0.5145023151         5
  0.1715007717         3
  0.0571669239         2
  0.0190556413         2
