19
  40956350.82110565      0
  9101411.293579033      0
  3033803.7645263444         1
  1011267.9215087815         1
  337089.3071695938         1
  112363.10238986461         1
  37454.3674632882         2
  12484.789154429402         2
  4161.596384809801         2
  1387.1987949366003         2
  462.3995983122001         3
  154.13319943740004         3
  51.377733145800015         3
  17.125911048600006         3
  5.708637016200002         3
  1.9028790054000007         3
  0.6342930018000003         4
  0.21143100060000009         2
  0.07047700020000003         2
