20
  57530352.642813146      0
  12784522.809514033      0
  4261507.603171344         3
  1420502.534390448         3
  473500.84479681595         3
  157833.61493227197         3
  52611.20497742399         3
  17537.068325808         4
  5845.689441936         4
  1948.563147312         4
  649.521049104         4
  216.507016368         4
  72.169005456         4
  24.056335152         4
  8.018778383999999         4
  2.672926128         6
  0.890975376         7
  0.296991792         6
  0.09899726399999999         3
  0.032999087999999996         2
