19
  40956350.82110565      2
  9101411.293579033      2
  3033803.7645263444         2
  1011267.9215087815         2
  337089.3071695938         2
  112363.10238986461         2
  37454.3674632882         2
  12484.789154429402         2
  4161.596384809801         2
  1387.1987949366003         2
  462.3995983122001         4
  154.13319943740004         4
  51.377733145800015         4
  17.125911048600006         4
  5.708637016200002         4
  1.9028790054000007         4
  0.6342930018000003         4
  0.21143100060000009         2
  0.07047700020000003         2
