30
  75674102.74479637      2
  18918525.68619909      2
  9459262.843099546         2
  4729631.421549773         2
  2364815.7107748864         2
  1182407.8553874432         2
  591203.9276937216         2
  295601.9638468608         2
  147800.9819234304         2
  73900.4909617152         2
  36950.2454808576         2
  18475.1227404288         2
  9237.5613702144         2
  4618.7806851072         2
  2309.3903425536         2
  1154.6951712768         4
  577.3475856384         4
  288.6737928192         4
  144.3368964096         4
  72.1684482048         4
  36.0842241024         4
  18.0421120512         4
  9.0210560256         4
  4.5105280128         4
  2.2552640064         4
  1.1276320032         4
  0.5638160016         4
  0.2819080008         2
  0.1409540004         2
  0.0704770002         2
