20
  78529254.0244684      0
  17450945.33877076      0
  5816981.779590253         2
  1938993.9265300843         2
  646331.3088433614         3
  215443.7696144538         3
  71814.5898714846         3
  23938.1966238282         3
  7979.3988746094         3
  2659.7996248698         4
  886.5998749566         4
  295.53329165220003         4
  98.5110972174         4
  32.8370324058         4
  10.945677468600001         4
  3.6485591562000006         4
  1.2161863854000001         6
  0.4053954618         5
  0.1351318206         3
  0.0450439402         3
