20
  57530352.642813146      0
  12784522.809514033      0
  4261507.603171344         2
  1420502.534390448         2
  473500.84479681595         2
  157833.61493227197         2
  52611.20497742399         2
  17537.068325808         3
  5845.689441936         3
  1948.563147312         3
  649.521049104         3
  216.507016368         3
  72.169005456         3
  24.056335152         3
  8.018778383999999         3
  2.672926128         5
  0.890975376         6
  0.296991792         5
  0.09899726399999999         2
  0.032999087999999996         1
