3
   18    0    0
3.41530473E+06
4.27842169E+05
8.65273727E+04
2.25314457E+04
6.90330646E+03
2.37345620E+03
8.90109368E+02
3.57379246E+02
1.51523760E+02
6.71186777E+01
3.07892478E+01
1.43205781E+01
5.80409952E+00
2.61953632E+00
1.17570346E+00
3.52952454E-01
1.61561381E-01
6.79314281E-02
   11    0    0
1.30727960E+03
2.93795668E+02
9.25086611E+01
3.42442725E+01
1.39753549E+01
5.99735430E+00
2.61737833E+00
1.13832598E+00
3.99407219E-01
1.50758517E-01
5.51126608E-02
    2    0    0
4.61743175E-01
1.53325537E-01
    1    0    0
3.21961182E-01



** Available from the Dirac web site, http://dirac.chem.sdu.dk **