4
   24    0    0
4.85467489E+07
6.99085388E+06
1.47412421E+06
3.85796237E+05
1.17474719E+05
4.00328743E+04
1.48825536E+04
5.93019864E+03
2.50076720E+03
1.10572281E+03
5.09020704E+02
2.42550033E+02
1.18982444E+02
5.97979441E+01
3.06347112E+01
1.58091260E+01
7.93367342E+00
4.06176718E+00
2.07436018E+00
1.05670859E+00
4.61555303E-01
2.34629060E-01
1.12288527E-01
5.26093123E-02
   14    0    0
5.65198419E+03
1.15527414E+03
3.50044713E+02
1.28186100E+02
5.25257635E+01
2.31969297E+01
1.07793637E+01
5.13198453E+00
2.46543428E+00
1.18068603E+00
5.22196124E-01
2.31364388E-01
9.96677407E-02
4.18722126E-02
    3    0    0
6.85578592E-01
2.82256465E-01
1.14328827E-01
    2    0    0
5.02312223E-01
1.88700108E-01
    1    0    0
4.46635512E-01



** Available from the Dirac web site, http://dirac.chem.sdu.dk **