3
11 0 0
   8236.0000000                   
   1235.0000000                   
    280.8000000                   
     79.2700000                   
     25.5900000                   
      8.9970000                   
      3.3190000                   
      0.3643000                   
      0.9059000                   
      0.1285000                   
      0.0440200                   
6 0 0
     18.7100000            
      4.1330000            
      1.2000000            
      0.3827000            
      0.1209000            
      0.0356900            
3 0 0
      1.0970000            
      0.3180000            
      0.1000000            
2 0 0
      0.7610000            
      0.2680000            
