4
   18    0    0
1.26268487E+06
1.74102250E+05
3.77618328E+04
1.03585910E+04
3.30323200E+03
1.17250655E+03
4.51364407E+02
1.85292100E+02
8.01669725E+01
3.62052485E+01
1.69163336E+01
8.12780068E+00
3.99859083E+00
1.97704309E+00
8.48640354E-01
3.91971299E-01
1.78931125E-01
8.08400011E-02
   10    0    0
2.96739252E+02
6.94271220E+01
2.23141066E+01
8.32416976E+00
3.38203166E+00
1.46735388E+00
6.59318241E-01
2.97908003E-01
1.33893159E-01
5.85889413E-02
    3    0    0
1.71847043E+00
6.27755698E-01
2.25243609E-01
    2    0    0
1.30323947E+00
4.45546349E-01
    1    0    0
9.84486214E-01



** Available from the Dirac web site, http://dirac.chem.sdu.dk **