3
   14    0    0
1.25637995E+05
1.81272742E+04
4.03580313E+03
1.12628251E+03
3.63455675E+02
1.30098662E+02
5.03486990E+01
2.06663353E+01
8.87806696E+00
3.96889579E+00
1.81289482E+00
6.57728142E-01
2.62134214E-01
1.03834234E-01
    8    0    0
1.04771299E+02
2.46395646E+01
7.74747276E+00
2.78836296E+00
1.09850897E+00
4.47609037E-01
1.82091560E-01
7.22603733E-02
    2    0    0
1.03556881E+00
3.05919990E-01
    1    0    0
7.21638135E-01



** Available from the Dirac web site, http://dirac.chem.sdu.dk **