5
   33    0    0
5.66886267E+07
1.50892968E+07
5.16047520E+06
1.96161434E+06
8.17952534E+05
3.61558027E+05
1.68272564E+05
8.12575762E+04
4.04875779E+04
2.06594886E+04
1.07540512E+04
5.68984978E+03
3.05473877E+03
1.66171064E+03
9.14401131E+02
5.05672652E+02
2.85403992E+02
1.62928892E+02
9.36093827E+01
5.58115962E+01
3.29572548E+01
1.91486984E+01
1.14242164E+01
6.74627252E+00
4.03651896E+00
2.32173132E+00
1.30523335E+00
7.34092343E-01
3.99654152E-01
2.13808680E-01
8.69400033E-02
4.15411360E-02
1.97704118E-02
   29    0    0
5.26997043E+07
1.55031024E+07
4.92252723E+06
1.67576293E+06
6.02812982E+05
2.27286191E+05
8.93835145E+04
3.65895350E+04
1.55940490E+04
6.92848865E+03
3.21060196E+03
1.54901411E+03
7.74553591E+02
3.99278919E+02
2.11505005E+02
1.14423001E+02
6.33492658E+01
3.54261746E+01
1.95645774E+01
1.09242892E+01
6.04614224E+00
3.29863040E+00
1.76454665E+00
8.89053986E-01
4.41827612E-01
2.12886942E-01
8.30305708E-02
3.66160787E-02
1.56289260E-02
   20    0    0
1.10309490E+05
2.59792086E+04
8.41855414E+03
3.26410001E+03
1.42790526E+03
6.79816182E+02
3.43526466E+02
1.81520570E+02
9.87355167E+01
5.49730741E+01
3.07826352E+01
1.70413108E+01
9.47870149E+00
5.20908315E+00
2.78931303E+00
1.45399687E+00
7.18994800E-01
3.01211589E-01
1.19212031E-01
4.39151099E-02
   13    0    0
1.15235695E+03
3.88491767E+02
1.64709530E+02
7.75678965E+01
3.87582288E+01
1.98140169E+01
1.01647698E+01
5.10395591E+00
2.39102783E+00
1.06516458E+00
4.39983569E-01
1.58084240E-01
6.56834550E-02
    4    0    0
2.65105850E+00
8.23542160E-01
1.74962620E-01
1.11597200E-01
    2    0    0
1.53702070E+00
2.64819920E-01



** Available from the Dirac web site, http://dirac.chem.sdu.dk **