4
   26    0    0
5.58567332E+07
1.46346866E+07
4.84272821E+06
1.74630608E+06
6.73343404E+05
2.70324667E+05
1.12518551E+05
4.82590492E+04
2.12876744E+04
9.63409395E+03
4.46606289E+03
2.11736036E+03
1.02416744E+03
4.92269481E+02
2.49300143E+02
1.29308402E+02
6.39772461E+01
3.40437461E+01
1.60801412E+01
8.65613070E+00
3.61032607E+00
1.92251634E+00
6.66571525E-01
3.12239117E-01
6.78188433E-02
2.74633124E-02
   23    0    0
2.64721605E+07
5.59139735E+06
1.40764874E+06
3.97635680E+05
1.22880210E+05
4.10139856E+04
1.47208143E+04
5.67759694E+03
2.34640901E+03
1.03133584E+03
4.76571738E+02
2.29012237E+02
1.12685779E+02
5.75860809E+01
2.97694718E+01
1.49746723E+01
7.71900837E+00
3.59611387E+00
1.73339868E+00
6.57251969E-01
2.71891286E-01
6.68086464E-02
2.40114143E-02
   17    0    0
3.34172062E+04
8.12851253E+03
2.74209786E+03
1.10373639E+03
4.95593590E+02
2.39300700E+02
1.21170183E+02
6.33901881E+01
3.35863939E+01
1.76346823E+01
9.27673366E+00
4.76281816E+00
2.39153623E+00
1.13869711E+00
4.66588500E-01
1.72879486E-01
5.72161554E-02
   12    0    0
6.54110776E+02
2.20999249E+02
9.26986146E+01
4.26707393E+01
2.04209543E+01
9.82552641E+00
4.59753634E+00
1.92041146E+00
7.41428678E-01
2.46308548E-01
1.02978844E-01
6.56834550E-02
    2    0    0
1.52001240E+00
2.61889450E-01



** Available from the Dirac web site, http://dirac.chem.sdu.dk **