6
   37    0    0
5.66974665E+07
1.50936883E+07
5.16410134E+06
1.96463880E+06
8.20774813E+05
3.64106973E+05
1.70668076E+05
8.34553901E+04
4.24233766E+04
2.22287738E+04
1.19317133E+04
6.53904201E+03
3.67823274E+03
2.13954938E+03
1.28845329E+03
7.92077184E+02
4.84699317E+02
2.98001267E+02
1.86739586E+02
1.20332380E+02
7.58503139E+01
4.92231214E+01
3.09793695E+01
1.93389862E+01
1.19091789E+01
7.28108692E+00
4.52381555E+00
2.69147870E+00
1.62933419E+00
1.02810670E+00
6.05884393E-01
3.55646976E-01
2.01800187E-01
1.24813560E-01
6.38361554E-02
3.29899773E-02
1.68638039E-02
   34    0    0
7.83394990E+07
2.98089903E+07
1.14434200E+07
4.58119976E+06
1.89724602E+06
8.09797423E+05
3.55067410E+05
1.59603258E+05
7.34501008E+04
3.45948671E+04
1.66866868E+04
8.25641636E+03
4.19677837E+03
2.19189424E+03
1.17482829E+03
6.44614780E+02
3.61413884E+02
2.06270341E+02
1.19336701E+02
7.01430857E+01
4.17040704E+01
2.47028799E+01
1.44963977E+01
8.57586995E+00
4.98086081E+00
2.84040828E+00
1.59903715E+00
8.64765972E-01
4.57242055E-01
2.38933519E-01
1.18792999E-01
5.70066185E-02
2.69891792E-02
1.27490309E-02
   24    0    0
5.33180912E+05
1.23237626E+05
3.86423636E+04
1.43571867E+04
6.01279356E+03
2.75436672E+03
1.35196793E+03
6.99798051E+02
3.77011413E+02
2.09739406E+02
1.19301913E+02
6.91117137E+01
4.04324149E+01
2.36542390E+01
1.38063993E+01
8.06231666E+00
4.66375400E+00
2.63565039E+00
1.45796002E+00
7.74812159E-01
3.72484724E-01
1.71955342E-01
7.61336090E-02
3.20319168E-02
   15    0    0
2.01926669E+03
6.75476729E+02
2.85711632E+02
1.36473289E+02
6.94342752E+01
3.68446566E+01
1.98480492E+01
1.07216853E+01
5.70450122E+00
2.92433437E+00
1.43960404E+00
6.73859301E-01
2.94349701E-01
1.13239850E-01
5.45732520E-02
    7    0    0
3.92104630E+00
1.46394610E+00
8.37124610E-01
5.26357850E-01
3.99589120E-01
1.31195080E-01
8.36807340E-02
    5    0    0
3.90239500E+00
2.52427930E+00
8.33988760E-01
1.93249770E-01
1.23261400E-01
    2    0    0
1.99192080E+00
3.43196600E-01



** Available from the Dirac web site, http://dirac.chem.sdu.dk **