20
  132786866.19766262      0
  29508192.48836947      0
  9836064.162789823         1
  3278688.0542632747         2
  1092896.0180877582         2
  364298.6726959194         2
  121432.8908986398         2
  40477.6302995466         2
  13492.543433182202         2
  4497.514477727401         2
  1499.1714925758004         3
  499.72383085860014         3
  166.57461028620006         3
  55.52487009540002         3
  18.508290031800005         3
  6.169430010600002         3
  2.056476670200001         3
  0.6854922234000003      6
  0.22849740780000008         3
  0.07616580260000003         2