25
  5648635.19728599      2
  1412158.7993214976      2
  706079.3996607488         2
  353039.6998303744         2
  176519.8499151872         2
  88259.9249575936         2
  44129.9624787968         2
  22064.9812393984         2
  11032.4906196992         2
  5516.2453098496         2
  2758.1226549248         2
  1379.0613274624         2
  689.5306637312         2
  344.7653318656         2
  172.3826659328         2
  86.1913329664         2
  43.0956664832         2
  21.5478332416         2
  10.7739166208         2
  5.3869583104         2
  2.6934791552         2
  1.3467395776         2
  0.6733697888         2
  0.3366848944         2
  0.1683424472         2
