19
  60870631.77760101      0
  13526807.061689114      0
  4508935.687229705         2
  1502978.5624099018         2
  500992.8541366339         2
  166997.61804554463         3
  55665.87268184821         3
  18555.290893949405         3
  6185.0969646498015         3
  2061.6989882166004         3
  687.2329960722001         4
  229.07766535740004         4
  76.35922178580002         4
  25.453073928600006         4
  8.484357976200002         4
  2.8281193254000008         4
  0.9427064418000003      5
  0.3142354806000001         4
  0.10474516020000003         3