20
  132786866.19766262      0
  29508192.48836947      0
  9836064.162789823         2
  3278688.0542632747         3
  1092896.0180877582         3
  364298.6726959194         3
  121432.8908986398         3
  40477.6302995466         3
  13492.543433182202         3
  4497.514477727401         3
  1499.1714925758004         4
  499.72383085860014         4
  166.57461028620006         4
  55.52487009540002         4
  18.508290031800005         4
  6.169430010600002         4
  2.056476670200001         4
  0.6854922234000003      6
  0.22849740780000008         4
  0.07616580260000003         3