20
  94151524.09678537      0
  20922560.910396747      0
  6974186.970132249         2
  2324728.990044083         2
  774909.6633480276         2
  258303.2211160092         2
  86101.0737053364         3
  28700.3579017788         3
  9566.7859672596         3
  3188.9286557532         3
  1062.9762185844         4
  354.3254061948         4
  118.1084687316         4
  39.3694895772         4
  13.1231631924         4
  4.3743877308         5
  1.4581292436         5
  0.4860430812         4
  0.1620143604         4
  0.0540047868         2
