21
  135392182.08777195      0
  30087151.57506043      0
  10029050.525020143         2
  3343016.841673381         2
  1114338.9472244603         3
  371446.3157414868         3
  123815.4385804956         3
  41271.8128601652         3
  13757.270953388399         3
  4585.7569844628         4
  1528.5856614876         4
  509.5285538292         4
  169.8428512764         4
  56.614283758800006         4
  18.871427919600002         4
  6.2904759732         7
  2.0968253244         7
  0.6989417748000001         6
  0.23298059160000004         6
  0.07766019720000002         3
  0.025886732400000004         2
