21
  135392182.08777195      0
  30087151.57506043      0
  10029050.525020143         3
  3343016.841673381         3
  1114338.9472244603         4
  371446.3157414868         4
  123815.4385804956         4
  41271.8128601652         4
  13757.270953388399         4
  4585.7569844628         5
  1528.5856614876         5
  509.5285538292         5
  169.8428512764         5
  56.614283758800006         5
  18.871427919600002         5
  6.2904759732         8
  2.0968253244         8
  0.6989417748000001         7
  0.23298059160000004         7
  0.07766019720000002         4
  0.025886732400000004         3
