20
  94151524.09678537      0
  20922560.910396747      0
  6974186.970132249         3
  2324728.990044083         3
  774909.6633480276         3
  258303.2211160092         3
  86101.0737053364         4
  28700.3579017788         4
  9566.7859672596         4
  3188.9286557532         4
  1062.9762185844         5
  354.3254061948         5
  118.1084687316         5
  39.3694895772         5
  13.1231631924         5
  4.3743877308         6
  1.4581292436         6
  0.4860430812         5
  0.1620143604         5
  0.0540047868         3
