20
  59777108.894508466      0
  13283801.976557435      0
  4427933.9921858115         3
  1475977.9973952705         3
  491992.6657984235         3
  163997.55526614116         4
  54665.85175538039         4
  18221.950585126797         4
  6073.983528375599         4
  2024.6611761251997         5
  674.8870587083999         5
  224.96235290279995         5
  74.98745096759998         5
  24.995816989199994         5
  8.331938996399998         6
  2.7773129987999994         7
  0.9257709995999998         6
  0.3085903331999999         6
  0.10286344439999996         4
  0.03428781479999999         3
