31
  115974396.56672625      2
  28993599.141681563      2
  14496799.570840782         2
  7248399.785420391         2
  3624199.8927101954         2
  1812099.9463550977         2
  906049.9731775488         2
  453024.9865887744         2
  226512.4932943872         2
  113256.2466471936         2
  56628.1233235968         4
  28314.0616617984         4
  14157.0308308992         4
  7078.5154154496         4
  3539.2577077248         4
  1769.6288538624         4
  884.8144269312         4
  442.4072134656         4
  221.2036067328         4
  110.6018033664         4
  55.3009016832         4
  27.6504508416         4
  13.8252254208         4
  6.9126127104         4
  3.4563063552         4
  1.7281531776         4
  0.8640765888         4
  0.4320382944         4
  0.2160191472         4
  0.1080095736         2
  0.0540047868         2
