5
   36    0    0
5.32963330E+07
1.41739348E+07
4.82465082E+06
1.81688027E+06
7.49750743E+05
3.27556012E+05
1.51045074E+05
7.25492477E+04
3.62692302E+04
1.87921293E+04
1.01528250E+04
5.85639221E+03
3.85602993E+03
2.55479559E+03
1.54208281E+03
9.09178461E+02
5.49695883E+02
3.44862684E+02
2.23941946E+02
1.45327487E+02
9.42652522E+01
5.89988043E+01
3.50545010E+01
2.27639863E+01
1.46622500E+01
1.01751391E+01
6.33666160E+00
3.96490590E+00
2.32459114E+00
1.44148354E+00
8.62084423E-01
5.02501108E-01
3.02173530E-01
1.61951163E-01
8.30567041E-02
4.12630953E-02
   35    0    0
8.64035460E+07
3.67539711E+07
1.54120168E+07
6.63766306E+06
2.92907417E+06
1.32079851E+06
6.06807205E+05
2.83563724E+05
1.34659656E+05
6.49771151E+04
3.18656967E+04
1.58946423E+04
8.07478064E+03
4.18504607E+03
2.21582578E+03
1.19855066E+03
6.62105175E+02
3.72828313E+02
2.13589614E+02
1.24987371E+02
7.45146995E+01
4.45918639E+01
2.69200228E+01
1.64981508E+01
9.96198520E+00
5.91865076E+00
3.48501236E+00
2.00814313E+00
1.13398132E+00
6.23044305E-01
3.30056071E-01
1.60850559E-01
7.64977666E-02
3.62158027E-02
1.69239534E-02
   24    0    0
1.01102172E+06
2.31959730E+05
7.16361322E+04
2.60722075E+04
1.06490935E+04
4.75930237E+03
2.28674177E+03
1.16330175E+03
6.18666491E+02
3.41119063E+02
1.93047679E+02
1.11605941E+02
6.51860397E+01
3.81480198E+01
2.25634226E+01
1.33428798E+01
7.78775550E+00
4.46649120E+00
2.50660604E+00
1.35129111E+00
7.02220029E-01
3.48570918E-01
1.64791602E-01
7.28891144E-02
   16    0    0
5.87763137E+03
1.89116232E+03
7.84779561E+02
3.70663049E+02
1.89694015E+02
1.01865253E+02
5.65687769E+01
3.18775230E+01
1.81605888E+01
1.02845292E+01
5.66432202E+00
3.01796245E+00
1.51771310E+00
6.90404148E-01
2.82760263E-01
8.54675050E-02
    4    0    0
2.25944750E+00
1.30142680E+00
4.95469020E-01
1.49761150E-01
    2    0    0
8.91003120E-01
2.69315830E-01



** Available from the Dirac web site, http://dirac.chem.sdu.dk **