4
   32    0    0
5.29536080E+07
1.40827098E+07
4.79330180E+06
1.80489940E+06
7.44598289E+05
3.25110442E+05
1.49660020E+05
7.16160894E+04
3.55257872E+04
1.81434228E+04
9.51727944E+03
5.10816105E+03
2.80378778E+03
1.57379766E+03
9.03797861E+02
5.25973907E+02
3.09463534E+02
1.84777005E+02
1.18449002E+02
7.67022794E+01
4.85353685E+01
2.90026608E+01
1.78961671E+01
1.07237547E+01
6.24619916E+00
3.60249420E+00
1.97223256E+00
1.07695145E+00
5.60675514E-01
2.47111768E-01
1.12196733E-01
5.04188023E-02
   29    0    0
6.45323700E+07
2.24620699E+07
8.04854786E+06
3.02017251E+06
1.17589897E+06
4.72476024E+05
1.95167691E+05
8.27269583E+04
3.59637998E+04
1.60516724E+04
7.37157277E+03
3.49152923E+03
1.70649966E+03
8.59200506E+02
4.44491571E+02
2.35764320E+02
1.28347399E+02
7.16145081E+01
4.00570890E+01
2.27198008E+01
1.29629681E+01
7.19876783E+00
3.91632414E+00
2.03395752E+00
1.03205937E+00
4.85533795E-01
1.88474453E-01
7.12539393E-02
2.61387842E-02
   20    0    0
2.26367516E+05
5.21907228E+04
1.63892901E+04
6.13760211E+03
2.59883605E+03
1.20313141E+03
5.94294658E+02
3.08400849E+02
1.65538892E+02
9.12658148E+01
5.08667641E+01
2.82567944E+01
1.58969074E+01
8.84722320E+00
4.78559688E+00
2.51821970E+00
1.23428946E+00
5.77030831E-01
2.50949978E-01
9.97632043E-02
   14    0    0
3.25997699E+03
1.06812669E+03
4.46410186E+02
2.11508393E+02
1.07208098E+02
5.67983865E+01
3.06614891E+01
1.67582114E+01
9.09196591E+00
4.77743980E+00
2.40878684E+00
1.11374688E+00
3.95235725E-01
1.19464490E-01
    2    0    0
8.73225560E-01
2.63942360E-01



** Available from the Dirac web site, http://dirac.chem.sdu.dk **