3
   26    0    0
5.32129985E+07
1.41313127E+07
4.79173426E+06
1.79031949E+06
7.26504373E+05
3.08591303E+05
1.36137419E+05
6.15480604E+04
2.84244877E+04
1.33542060E+04
6.37700107E+03
3.09376409E+03
1.52797262E+03
7.59735023E+02
3.90090348E+02
2.05628673E+02
1.08046938E+02
5.86189612E+01
2.90654036E+01
1.64086385E+01
7.79291309E+00
4.20681808E+00
1.65252531E+00
7.91412153E-01
2.14855732E-01
7.71361327E-02
   23    0    0
3.94026210E+07
1.01874223E+07
2.92796108E+06
9.09043009E+05
2.99664131E+05
1.03922974E+05
3.77635232E+04
1.43800005E+04
5.75554568E+03
2.42701799E+03
1.07554532E+03
4.98286614E+02
2.40259765E+02
1.19201098E+02
6.09665041E+01
3.03455711E+01
1.59167038E+01
7.65717326E+00
3.78661608E+00
1.56768753E+00
6.57714537E-01
1.88398480E-01
4.95912697E-02
   16    0    0
4.53434322E+04
1.07800186E+04
3.54400666E+03
1.39351868E+03
6.12841443E+02
2.90761753E+02
1.44754272E+02
7.43800115E+01
3.83939580E+01
2.00734834E+01
1.03804576E+01
5.26181353E+00
2.56430406E+00
1.08523916E+00
4.32348453E-01
1.50448884E-01
   12    0    0
1.71244896E+03
5.68148977E+02
2.38867118E+02
1.11758322E+02
5.56118854E+01
2.83760384E+01
1.46567359E+01
7.44198729E+00
3.64072029E+00
1.68146897E+00
6.79010700E-01
2.05238710E-01



** Available from the Dirac web site, http://dirac.chem.sdu.dk **