4
   23    0    0
3.95584820E+07
5.76905464E+06
1.21166351E+06
3.13532190E+05
9.41379976E+04
3.16079568E+04
1.15830978E+04
4.55412899E+03
1.89713594E+03
8.29339259E+02
3.77501696E+02
1.77772871E+02
8.60695704E+01
4.22138282E+01
1.93465769E+01
9.64862019E+00
4.81647846E+00
2.17422583E+00
1.04694822E+00
4.79289448E-01
1.20590184E-01
5.77555229E-02
2.60722434E-02
   16    0    0
1.97917644E+04
3.57648787E+03
1.01184487E+03
3.55190281E+02
1.41625098E+02
6.14558781E+01
2.81869200E+01
1.33522967E+01
6.45871962E+00
3.08572256E+00
1.49640435E+00
7.26506454E-01
3.49137031E-01
1.27833592E-01
5.24496899E-02
2.16608224E-02
    9    0    0
1.37270489E+02
4.06303942E+01
1.52221188E+01
6.28078566E+00
2.75849341E+00
1.21954483E+00
5.25350849E-01
2.15843824E-01
8.16813754E-02
    3    0    0
2.21852717E+00
5.63713985E-01
1.43236226E-01
    2    0    0
1.19043852E+00
3.02483041E-01



** Available from the Dirac web site, http://dirac.chem.sdu.dk **