3
   15    0    0
9.88945906E+05
1.23425746E+05
2.49284481E+04
6.48400250E+03
1.98392083E+03
6.80999884E+02
2.54881562E+02
1.02281940E+02
4.30549952E+01
1.37962197E+01
5.70502486E+00
1.54357352E+00
6.26362284E-01
9.08933533E-02
3.55165196E-02
   11    0    0
1.84096929E+03
4.04700751E+02
1.25192313E+02
4.56525911E+01
1.81103948E+01
7.50516525E+00
2.97932486E+00
1.24507161E+00
4.98934917E-01
1.06109796E-01
3.37588688E-02
    6    0    0
3.90307539E+01
1.09812314E+01
3.75717304E+00
1.36290735E+00
4.72656672E-01
1.46226594E-01
    2    0    0
1.12966362E+00
2.37468827E-01



** Available from the Dirac web site, http://dirac.chem.sdu.dk **