5
   30    0    0
1.11669596E+08
2.61849501E+07
7.65729493E+06
2.49371700E+06
8.89221781E+05
3.41095052E+05
1.39212147E+05
5.98346593E+04
2.68891755E+04
1.25573683E+04
6.06008475E+03
3.00899163E+03
1.53242046E+03
7.97972822E+02
4.23279407E+02
2.27822916E+02
1.23998805E+02
6.79856949E+01
3.72558276E+01
1.97660582E+01
1.08034422E+01
5.96194784E+00
3.26502365E+00
1.70050638E+00
8.81553117E-01
4.45277123E-01
1.66845223E-01
9.24353756E-02
4.50338278E-02
2.18141527E-02
   20    0    0
2.34546846E+05
3.57759385E+04
8.60012792E+03
2.68995492E+03
9.95447257E+02
4.12359597E+02
1.84872238E+02
8.78455704E+01
4.36140542E+01
2.22845195E+01
1.16168170E+01
6.13679212E+00
3.21528320E+00
1.66249454E+00
8.47453822E-01
4.23620880E-01
1.83531417E-01
8.57015093E-02
3.93613595E-02
1.79771449E-02
   12    0    0
4.31234295E+02
1.27323709E+02
4.88478350E+01
2.13155268E+01
9.90143156E+00
4.81622561E+00
2.40668223E+00
1.20114224E+00
5.90063212E-01
2.82663114E-01
1.30389930E-01
5.66550963E-02
    4    0    0
3.41795532E+00
1.03925896E+00
3.16860471E-01
9.66078348E-02
    3    0    0
2.06646202E+00
5.30708872E-01
1.36296677E-01
    2    0    0
1.22307180E+00
3.14109356E-01



** Available from the Dirac web site, http://dirac.chem.sdu.dk **