19
  81598821.42665942      0
  18133071.428146537      0
  6044357.142715513         3
  2014785.7142385042         3
  671595.2380795014         3
  223865.07935983382         3
  74621.69311994461         4
  24873.897706648204         4
  8291.2992355494         4
  2763.7664118498         5
  921.2554706166001         5
  307.0851568722         5
  102.3617189574         5
  34.1205729858         5
  11.3735243286         5
  3.7911747762         5
  1.2637249254         4
  0.4212416418         4
  0.1404138806         3
