20
  91906164.65092106      0
  20423592.144649126      0
  6807864.0482163755         3
  2269288.016072125         4
  756429.3386907084         4
  252143.1128969028         4
  84047.7042989676         4
  28015.901432989198         4
  9338.6338109964         5
  3112.8779369988         5
  1037.6259789996         5
  345.8753263332         5
  115.2917754444         5
  38.4305918148         5
  12.810197271600002         5
  4.2700657572         5
  1.4233552524000002         5
  0.47445175080000007      6
  0.15815058360000003         3
  0.05271686120000001         3