19
  48225059.883442044      0
  10716679.974098234      0
  3572226.6580327447         3
  1190742.2193442483         3
  396914.07311474945         4
  132304.69103824982         4
  44101.563679416606         4
  14700.521226472201         4
  4900.173742157401         5
  1633.3912473858002         5
  544.4637491286         5
  181.48791637620002         5
  60.49597212540001         5
  20.1653240418         5
  6.7217746806         5
  2.2405915602         5
  0.7468638533999999         5
  0.24895461779999997         4
  0.0829848726         3
