19
  81598821.42665942      0
  18133071.428146537      0
  6044357.142715513         2
  2014785.7142385042         2
  671595.2380795014         2
  223865.07935983382         2
  74621.69311994461         3
  24873.897706648204         3
  8291.2992355494         3
  2763.7664118498         4
  921.2554706166001         4
  307.0851568722         4
  102.3617189574         4
  34.1205729858         4
  11.3735243286         4
  3.7911747762         4
  1.2637249254         3
  0.4212416418         3
  0.1404138806         2
