20
  91906164.65092106      0
  20423592.144649126      0
  6807864.0482163755         2
  2269288.016072125         3
  756429.3386907084         3
  252143.1128969028         3
  84047.7042989676         3
  28015.901432989198         3
  9338.6338109964         4
  3112.8779369988         4
  1037.6259789996         4
  345.8753263332         4
  115.2917754444         4
  38.4305918148         4
  12.810197271600002         4
  4.2700657572         4
  1.4233552524000002         4
  0.47445175080000007      6
  0.15815058360000003         2
  0.05271686120000001         2