29
  75384128.13518111      2
  18846032.03379528      2
  9423016.01689764         2
  4711508.00844882         2
  2355754.00422441         2
  1177877.002112205         2
  588938.5010561025         2
  294469.2505280512         2
  147234.6252640256         4
  73617.3126320128         4
  36808.6563160064         4
  18404.3281580032         4
  9202.1640790016         4
  4601.0820395008         4
  2300.5410197504         4
  1150.2705098752         4
  575.1352549376         4
  287.5676274688         4
  143.7838137344         4
  71.8919068672         4
  35.9459534336         4
  17.9729767168         4
  8.9864883584         4
  4.4932441792         4
  2.2466220896         4
  1.1233110448         4
  0.5616555224         4
  0.2808277612         2
  0.1404138806         2
