20
  52654680.54946878      0
  11701040.122104174      0
  3900346.7073680577         3
  1300115.5691226858         4
  433371.8563742286         4
  144457.2854580762         4
  48152.4284860254         4
  16050.809495341799         4
  5350.2698317806         5
  1783.4232772602         5
  594.4744257533999         5
  198.15814191779998         5
  66.05271397259999         5
  22.017571324199995         5
  7.339190441399999         5
  2.4463968137999994         6
  0.8154656045999998         7
  0.2718218681999999         6
  0.09060728939999997         3
  0.03020242979999999         3
