30
  101203730.44636549      2
  25300932.611591373      2
  12650466.305795686         2
  6325233.152897843         2
  3162616.5764489216         2
  1581308.2882244608         2
  790654.1441122304         2
  395327.0720561152         2
  197663.5360280576         2
  98831.7680140288         2
  49415.8840070144         4
  24707.9420035072         4
  12353.9710017536         4
  6176.9855008768         4
  3088.4927504384         4
  1544.2463752192         4
  772.1231876096         4
  386.0615938048         4
  193.0307969024         4
  96.5153984512         4
  48.2576992256         4
  24.1288496128         4
  12.0644248064         4
  6.0322124032         4
  3.0161062016         4
  1.5080531008         4
  0.7540265504         4
  0.3770132752         4
  0.1885066376         2
  0.0942533188         2
