19
  54773500.289053336      0
  12171888.953122964      0
  4057296.3177076546         2
  1352432.1059025514         2
  450810.70196751715         2
  150270.23398917238         2
  50090.07799639079         3
  16696.692665463597         3
  5565.564221821199         3
  1855.1880739403996         4
  618.3960246467999         4
  206.13200821559997         4
  68.7106694052         4
  22.903556468399998         4
  7.6345188228         4
  2.5448396075999997         4
  0.8482798691999999         4
  0.28275995639999996         3
  0.09425331879999999         2
