20
  52654680.54946878      0
  11701040.122104174      0
  3900346.7073680577         2
  1300115.5691226858         3
  433371.8563742286         3
  144457.2854580762         3
  48152.4284860254         3
  16050.809495341799         3
  5350.2698317806         4
  1783.4232772602         4
  594.4744257533999         4
  198.15814191779998         4
  66.05271397259999         4
  22.017571324199995         4
  7.339190441399999         4
  2.4463968137999994         5
  0.8154656045999998         6
  0.2718218681999999         5
  0.09060728939999997         2
  0.03020242979999999         2
