19
  54773500.289053336      0
  12171888.953122964      0
  4057296.3177076546         3
  1352432.1059025514         3
  450810.70196751715         3
  150270.23398917238         3
  50090.07799639079         4
  16696.692665463597         4
  5565.564221821199         4
  1855.1880739403996         5
  618.3960246467999         5
  206.13200821559997         5
  68.7106694052         5
  22.903556468399998         5
  7.6345188228         5
  2.5448396075999997         5
  0.8482798691999999         5
  0.28275995639999996         4
  0.09425331879999999         3
