20
  87266189.76876643      0
  19392486.61528143      0
  6464162.205093809         3
  2154720.73503127         3
  718240.2450104234         3
  239413.41500347445         4
  79804.47166782482         4
  26601.490555941607         4
  8867.163518647203         4
  2955.721172882401         5
  985.2403909608003         5
  328.4134636536001         5
  109.47115455120003         5
  36.49038485040001         5
  12.163461616800005         5
  4.054487205600002         5
  1.3514957352000005         6
  0.4504985784000002         6
  0.15016619280000007         3
  0.05005539760000002         3
