5
   30    0    0
1.09543802E+08
2.64280244E+07
7.98451059E+06
2.68907137E+06
9.90338733E+05
3.89899022E+05
1.62404418E+05
7.08812223E+04
3.21705496E+04
1.50997933E+04
7.30045705E+03
3.62491821E+03
1.84474910E+03
9.60320753E+02
5.09809838E+02
2.74968103E+02
1.50207128E+02
8.28172557E+01
4.57564901E+01
2.45679462E+01
1.35453098E+01
7.51976857E+00
4.12930088E+00
2.18198998E+00
1.13558431E+00
5.71934228E-01
2.03196351E-01
1.08335386E-01
5.25424091E-02
2.52180323E-02
   20    0    0
3.98674721E+05
5.95186813E+04
1.37949829E+04
4.16651113E+03
1.50138179E+03
6.09867922E+02
2.69549321E+02
1.26747546E+02
6.24619525E+01
3.17764989E+01
1.65271160E+01
8.72344143E+00
4.56973310E+00
2.35023188E+00
1.18271242E+00
5.78947832E-01
2.40230371E-01
1.07806313E-01
4.76220091E-02
2.09569409E-02
   12    0    0
6.33761805E+02
1.86315774E+02
7.14257727E+01
3.12622652E+01
1.46334951E+01
7.17582003E+00
3.61150356E+00
1.81396818E+00
8.94663568E-01
4.28694260E-01
1.96835386E-01
8.42899876E-02
    4    0    0
5.97594770E+00
1.90287708E+00
5.95558589E-01
1.86396713E-01
    3    0    0
3.85699386E+00
1.08568691E+00
3.05604862E-01
    2    0    0
2.59389083E+00
7.30142031E-01



** Available from the Dirac web site, http://dirac.chem.sdu.dk **