4
   23    0    0
4.65104363E+07
7.18786587E+06
1.55591169E+06
4.08643739E+05
1.23579719E+05
4.16116009E+04
1.52585746E+04
5.99617655E+03
2.49524251E+03
1.08947152E+03
4.95334305E+02
2.33040295E+02
1.12758740E+02
5.53304615E+01
2.54859654E+01
1.27948333E+01
6.41766282E+00
2.92075903E+00
1.39866101E+00
6.35533250E-01
1.54381067E-01
7.06043670E-02
3.08896826E-02
   16    0    0
3.12118421E+04
5.39799601E+03
1.48076924E+03
5.09794220E+02
2.00744729E+02
8.63895351E+01
3.94461240E+01
1.86659529E+01
9.03556039E+00
4.32649576E+00
2.09293167E+00
1.00538481E+00
4.73757219E-01
1.62856134E-01
6.38760048E-02
2.52994557E-02
    9    0    0
2.02219425E+02
5.98343248E+01
2.25736942E+01
9.42338924E+00
4.18032277E+00
1.86534411E+00
8.08187360E-01
3.31931010E-01
1.24089509E-01
    3    0    0
3.77682937E+00
9.91200390E-01
2.60133069E-01
    2    0    0
2.15294608E+00
5.65024467E-01



** Available from the Dirac web site, http://dirac.chem.sdu.dk **