3
   15    0    0
1.45118707E+06
1.77207145E+05
3.51309328E+04
9.00232712E+03
2.72195739E+03
9.25460851E+02
3.43720718E+02
1.37049897E+02
5.73815093E+01
1.83955383E+01
7.68057226E+00
2.13353205E+00
8.50648558E-01
1.15781677E-01
4.30156473E-02
   11    0    0
2.62313779E+03
5.63451752E+02
1.72556586E+02
6.26440696E+01
2.48702824E+01
1.03509040E+01
4.13602691E+00
1.72039836E+00
6.78768226E-01
1.33743008E-01
4.00564974E-02
    6    0    0
5.76232139E+01
1.64398947E+01
5.71964740E+00
2.10661955E+00
7.38284663E-01
2.27876313E-01
    2    0    0
1.93871575E+00
3.38275692E-01



** Available from the Dirac web site, http://dirac.chem.sdu.dk **