19
  41313753.77690768      0
  9180834.172646152      0
  3060278.057548717         3
  1020092.6858495724         3
  340030.8952831908         3
  113343.6317610636         3
  37781.2105870212         3
  12593.736862340402         3
  4197.9122874468         4
  1399.3040958156         4
  466.4346986052         5
  155.4782328684         5
  51.8260776228         5
  17.2753592076         5
  5.758453069200001         5
  1.9194843564000001         5
  0.6398281188         5
  0.2132760396         3
  0.0710920132         3
