19
  41313753.77690768      0
  9180834.172646152      0
  3060278.057548717         2
  1020092.6858495724         2
  340030.8952831908         2
  113343.6317610636         2
  37781.2105870212         2
  12593.736862340402         2
  4197.9122874468         3
  1399.3040958156         3
  466.4346986052         4
  155.4782328684         4
  51.8260776228         4
  17.2753592076         4
  5.758453069200001         4
  1.9194843564000001         4
  0.6398281188         4
  0.2132760396         2
  0.0710920132         2
