20
  55960376.7105322      0
  12435639.269007156      0
  4145213.089669052         3
  1381737.6965563507         3
  460579.2321854502         3
  153526.4107284834         3
  51175.4702428278         4
  17058.4900809426         4
  5686.1633603142         4
  1895.3877867714         5
  631.7959289238         5
  210.5986429746         5
  70.1995476582         5
  23.3998492194         5
  7.7999497398         5
  2.5999832466         6
  0.8666610821999999         7
  0.2888870274         6
  0.0962956758         3
  0.0320985586         3
