31
  152668935.85040015      2
  38167233.96260004      2
  19083616.98130002         2
  9541808.49065001         2
  4770904.245325005         2
  2385452.1226625023         2
  1192726.0613312512         2
  596363.0306656256         2
  298181.5153328128         2
  149090.7576664064         2
  74545.3788332032         2
  37272.6894166016         2
  18636.3447083008         2
  9318.1723541504         2
  4659.0861770752         4
  2329.5430885376         4
  1164.7715442688         4
  582.3857721344         4
  291.1928860672         4
  145.5964430336         4
  72.7982215168         4
  36.3991107584         4
  18.1995553792         4
  9.0997776896         4
  4.5498888448         4
  2.2749444224         4
  1.1374722112         4
  0.5687361056         4
  0.2843680528         4
  0.1421840264         2
  0.0710920132         2
