20
  84315529.85047978      0
  18736784.41121773      0
  6245594.803739243         3
  2081864.9345797477         3
  693954.9781932492         3
  231318.3260644164         3
  77106.1086881388         3
  25702.036229379602         3
  8567.3454097932         4
  2855.7818032644004         4
  951.9272677548001         5
  317.3090892516         5
  105.76969641720001         5
  35.256565472400005         5
  11.752188490800002         5
  3.9173961636000008         5
  1.3057987212000002         5
  0.43526624040000006         6
  0.14508874680000003         3
  0.04836291560000001         3
