20
  55960376.7105322      0
  12435639.269007156      0
  4145213.089669052         2
  1381737.6965563507         2
  460579.2321854502         2
  153526.4107284834         2
  51175.4702428278         3
  17058.4900809426         3
  5686.1633603142         3
  1895.3877867714         4
  631.7959289238         4
  210.5986429746         4
  70.1995476582         4
  23.3998492194         4
  7.7999497398         4
  2.5999832466         5
  0.8666610821999999         6
  0.2888870274         5
  0.0962956758         2
  0.0320985586         2
