20
  52478176.036305755      0
  11661816.896956833      0
  3887272.298985611         2
  1295757.4329952036         3
  431919.14433173457         3
  143973.04811057818         3
  47991.01603685939         3
  15997.005345619798         3
  5332.3351152066         4
  1777.4450384022         4
  592.4816794674         4
  197.4938931558         4
  65.8312977186         4
  21.9437659062         4
  7.3145886354         4
  2.4381962118         5
  0.8127320706         6
  0.27091069019999997         5
  0.0903035634         2
  0.0301011878         2
