20
  82742618.0457332      0
  18387248.45460738      0
  6129082.818202459         3
  2043027.6060674863         3
  681009.2020224954         3
  227003.06734083183         4
  75667.68911361061         4
  25222.563037870204         4
  8407.521012623401         4
  2802.5070042078005         5
  934.1690014026002         5
  311.38966713420007         5
  103.79655571140002         5
  34.5988519038         5
  11.5329506346         5
  3.8443168782000003         5
  1.2814389594000002         5
  0.42714631980000006         6
  0.14238210660000003         4
  0.04746070220000001         3
