20
  52478176.036305755      0
  11661816.896956833      0
  3887272.298985611         3
  1295757.4329952036         4
  431919.14433173457         4
  143973.04811057818         4
  47991.01603685939         4
  15997.005345619798         4
  5332.3351152066         5
  1777.4450384022         5
  592.4816794674         5
  197.4938931558         5
  65.8312977186         5
  21.9437659062         5
  7.3145886354         5
  2.4381962118         6
  0.8127320706         7
  0.27091069019999997         6
  0.0903035634         3
  0.0301011878         3
