19
  51494321.47203797      2
  11443182.54934177      2
  3814394.1831139233         2
  1271464.7277046412         2
  423821.57590154704         2
  141273.858633849         2
  47091.286211283004         4
  15697.095403761         4
  5232.365134587         4
  1744.121711529         4
  581.373903843         4
  193.791301281         4
  64.597100427         4
  21.532366809         4
  7.177455602999999         4
  2.392485201         4
  0.797495067         4
  0.265831689         4
  0.08861056299999999         2
