30
  95144867.54128692      2
  23786216.88532173      2
  11893108.442660864         2
  5946554.221330432         2
  2973277.110665216         2
  1486638.555332608         2
  743319.277666304         2
  371659.638833152         2
  185829.819416576         2
  92914.909708288         2
  46457.454854144         4
  23228.727427072         4
  11614.363713536         4
  5807.181856768         4
  2903.590928384         4
  1451.795464192         4
  725.897732096         4
  362.948866048         4
  181.474433024         4
  90.737216512         4
  45.368608256         4
  22.684304128         4
  11.342152064         4
  5.671076032         4
  2.835538016         4
  1.417769008         4
  0.708884504         4
  0.354442252         4
  0.177221126         2
  0.088610563         2
