19
  51494321.47203797      0
  11443182.54934177      0
  3814394.1831139233         3
  1271464.7277046412         3
  423821.57590154704         3
  141273.858633849         3
  47091.286211283004         4
  15697.095403761         4
  5232.365134587         4
  1744.121711529         5
  581.373903843         5
  193.791301281         5
  64.597100427         5
  21.532366809         5
  7.177455602999999         5
  2.392485201         5
  0.797495067         5
  0.265831689         4
  0.08861056299999999         3
