19
  42149966.6157009      0
  9366659.247933535      0
  3122219.7493111785         2
  1040739.9164370595         2
  346913.3054790198         2
  115637.7684930066         2
  38545.9228310022         3
  12848.6409436674         3
  4282.8803145558         3
  1427.6267715186002         3
  475.87559050620007         4
  158.62519683540003         4
  52.87506561180001         4
  17.625021870600005         4
  5.875007290200002         4
  1.9583357634000007         5
  0.6527785878000002         5
  0.21759286260000008         3
  0.07253095420000003         2
