20
  63339960.63532224      0
  14075546.807849387      0
  4691848.935949796         2
  1563949.6453165987         2
  521316.5484388662         2
  173772.1828129554         2
  57924.060937651804         2
  19308.0203125506         2
  6436.0067708502         3
  2145.3355902834         3
  715.1118634278         3
  238.37062114260002         3
  79.4568737142         3
  26.4856245714         3
  8.8285415238         3
  2.9428471746000002         5
  0.9809490582000001         6
  0.3269830194         4
  0.1089943398         2
  0.036331446600000004         2
