20
  84773100.91610146      0
  18838466.870244768      0
  6279488.9567482555         2
  2093162.985582752         3
  697720.9951942506         3
  232573.6650647502         3
  77524.55502158341         3
  25841.518340527804         3
  8613.839446842601         3
  2871.2798156142003         4
  957.0932718714001         4
  319.0310906238         4
  106.34369687460001         4
  35.44789895820001         4
  11.815966319400003         4
  3.938655439800001         4
  1.3128851466000004         6
  0.43762838220000017         5
  0.14587612740000006         3
  0.048625375800000016         3
