20
  63339960.63532224      0
  14075546.807849387      0
  4691848.935949796         3
  1563949.6453165987         3
  521316.5484388662         3
  173772.1828129554         3
  57924.060937651804         3
  19308.0203125506         3
  6436.0067708502         4
  2145.3355902834         4
  715.1118634278         4
  238.37062114260002         4
  79.4568737142         4
  26.4856245714         4
  8.8285415238         4
  2.9428471746000002         6
  0.9809490582000001         7
  0.3269830194         5
  0.1089943398         3
  0.036331446600000004         3
