19
  42149966.6157009      2
  9366659.247933535      2
  3122219.7493111785         2
  1040739.9164370595         2
  346913.3054790198         2
  115637.7684930066         2
  38545.9228310022         2
  12848.6409436674         2
  4282.8803145558         2
  1427.6267715186002         2
  475.87559050620007         4
  158.62519683540003         4
  52.87506561180001         4
  17.625021870600005         4
  5.875007290200002         4
  1.9583357634000007         4
  0.6527785878000002         4
  0.21759286260000008         2
  0.07253095420000003         2
