30
  77879519.05916846      2
  19469879.764792114      2
  9734939.882396057         2
  4867469.941198029         2
  2433734.9705990143         2
  1216867.4852995072         2
  608433.7426497536         2
  304216.8713248768         2
  152108.4356624384         2
  76054.2178312192         2
  38027.1089156096         2
  19013.5544578048         2
  9506.7772289024         2
  4753.3886144512         2
  2376.6943072256         2
  1188.3471536128         4
  594.1735768064         4
  297.0867884032         4
  148.5433942016         4
  74.2716971008         4
  37.1358485504         4
  18.5679242752         4
  9.2839621376         4
  4.6419810688         4
  2.3209905344         4
  1.1604952672         4
  0.5802476336         4
  0.2901238168         2
  0.1450619084         2
  0.0725309542         2
