19
  42149966.6157009      0
  9366659.247933535      0
  3122219.7493111785         1
  1040739.9164370595         1
  346913.3054790198         1
  115637.7684930066         1
  38545.9228310022         2
  12848.6409436674         2
  4282.8803145558         2
  1427.6267715186002         2
  475.87559050620007         3
  158.62519683540003         3
  52.87506561180001         3
  17.625021870600005         3
  5.875007290200002         3
  1.9583357634000007         4
  0.6527785878000002         4
  0.21759286260000008         2
  0.07253095420000003         1
