3
   21    0    0
3.66261600E+07
5.64491645E+06
1.20995401E+06
3.13019791E+05
9.30426785E+04
3.07789483E+04
1.10935086E+04
4.28841698E+03
1.75662621E+03
7.55065637E+02
3.37750324E+02
1.54867099E+02
6.52391836E+01
3.19319747E+01
1.55882526E+01
6.51594466E+00
3.05021335E+00
9.38422853E-01
4.17692628E-01
7.71573813E-02
3.06051300E-02
   14    0    0
2.53147576E+04
4.38593352E+03
1.19646443E+03
4.07670469E+02
1.58409616E+02
6.66133225E+01
2.93713975E+01
1.27646908E+01
5.75536584E+00
2.63404421E+00
1.01538082E+00
3.98177907E-01
8.72340080E-02
2.95586643E-02
   10    0    0
5.71428443E+02
1.67337655E+02
6.32101374E+01
2.67571344E+01
1.19744072E+01
5.41600488E+00
2.40491557E+00
9.08048315E-01
3.27333380E-01
1.06070111E-01
    2    0    0
4.72998380E-01
1.28998460E-01



** Available from the Dirac web site, http://dirac.chem.sdu.dk **