4
   28    0    0
8.41913036E+07
2.01961442E+07
6.01923777E+06
1.97382525E+06
7.00801456E+05
2.64868269E+05
1.05785673E+05
4.43304941E+04
1.93797505E+04
8.79467206E+03
4.12673613E+03
1.99497598E+03
9.90117836E+02
5.02877801E+02
2.60405961E+02
1.36370107E+02
6.97803346E+01
3.74041157E+01
2.01030682E+01
1.05880331E+01
5.55744188E+00
2.92544032E+00
1.39549746E+00
7.18479454E-01
3.48296652E-01
1.04756548E-01
5.05773642E-02
2.32140536E-02
   20    0    0
6.27496342E+05
9.19159130E+04
2.04110973E+04
5.87561805E+03
2.03330436E+03
7.99478042E+02
3.43932198E+02
1.57989471E+02
7.59322894E+01
3.77228871E+01
1.90219280E+01
9.75195592E+00
5.02487300E+00
2.60993012E+00
1.30273782E+00
6.34720069E-01
3.00632478E-01
1.07105157E-01
4.56921369E-02
1.91991897E-02
   13    0    0
1.64333519E+03
4.70169718E+02
1.78002413E+02
7.73282584E+01
3.62162010E+01
1.78020947E+01
8.90076960E+00
4.46389304E+00
2.19642932E+00
9.96447971E-01
4.31951484E-01
1.78369564E-01
6.79901154E-02
    4    0    0
1.25470950E+00
6.73951700E-01
1.73882860E-01
5.79609530E-02
    2    0    0
3.12817430E-01
1.04272500E-01



** Available from the Dirac web site, http://dirac.chem.sdu.dk **