5
   33    0    0
9.39294069E+07
2.51328129E+07
8.71427083E+06
3.37774108E+06
1.42040122E+06
6.21592790E+05
2.80287718E+05
1.29756974E+05
6.16722660E+04
2.99839210E+04
1.48753144E+04
7.52842236E+03
3.88579174E+03
2.04213466E+03
1.09057128E+03
5.90480324E+02
3.23294126E+02
1.78452022E+02
9.89786678E+01
5.47883113E+01
3.08232732E+01
1.73172665E+01
9.44195762E+00
5.30035571E+00
2.98293120E+00
1.62495294E+00
8.94041483E-01
4.90905393E-01
2.67472714E-01
1.23482899E-01
6.30413099E-02
3.24525160E-02
1.68005294E-02
   25    0    0
6.37184502E+06
9.68396861E+05
2.08208731E+05
5.50751472E+04
1.71216448E+04
6.09315194E+03
2.42126199E+03
1.04859583E+03
4.85167089E+02
2.36397299E+02
1.19838245E+02
6.25122150E+01
3.33453295E+01
1.79192293E+01
9.69980454E+00
5.29947232E+00
2.93182201E+00
1.60798608E+00
8.62340301E-01
4.60807028E-01
2.43474679E-01
1.16162779E-01
5.73036877E-02
2.83410529E-02
1.39284814E-02
   17    0    0
7.15814742E+03
1.91725742E+03
7.02671948E+02
3.00966036E+02
1.42232464E+02
7.16275138E+01
3.76022175E+01
2.03561382E+01
1.11718870E+01
6.15155501E+00
3.38144371E+00
1.82221409E+00
9.36531788E-01
4.66008152E-01
2.25525852E-01
1.05205041E-01
4.64519647E-02
    5    0    0
1.63285940E+00
1.02399187E+00
3.36807069E-01
1.25481121E-01
4.18270400E-02
    4    0    0
1.46379060E+00
6.44824198E-01
2.01300241E-01
6.71000800E-02
    2    0    0
3.46936917E-01
1.15645630E-01



** Available from the Dirac web site, http://dirac.chem.sdu.dk **