5
   33    0    0
5.73546654E+07
1.52663363E+07
5.22264725E+06
1.98648407E+06
8.28683546E+05
3.66333555E+05
1.70393510E+05
8.22006853E+04
4.09160502E+04
2.08740468E+04
1.08821236E+04
5.77856860E+03
3.11886483E+03
1.70714667E+03
9.45440216E+02
5.27505145E+02
2.99801583E+02
1.72657653E+02
1.00725341E+02
5.95544974E+01
3.57179240E+01
2.14017785E+01
1.23424345E+01
7.31916889E+00
4.27236181E+00
2.41655465E+00
1.35907940E+00
7.71812427E-01
4.17307405E-01
2.21437267E-01
9.14516911E-02
4.37304321E-02
2.07352474E-02
   29    0    0
5.17358513E+07
1.49562766E+07
4.69212720E+06
1.58252331E+06
5.65163472E+05
2.11901827E+05
8.29961006E+04
3.38918913E+04
1.44332499E+04
6.41742993E+03
2.97903836E+03
1.44053520E+03
7.21976874E+02
3.72985836E+02
1.98061006E+02
1.07487725E+02
5.97561224E+01
3.35869081E+01
1.86939472E+01
1.04709775E+01
5.82382333E+00
3.16556916E+00
1.69859087E+00
8.63335883E-01
4.36780757E-01
2.12494205E-01
8.47274779E-02
3.72572185E-02
1.59010926E-02
   20    0    0
9.70532459E+04
2.29217430E+04
7.46211937E+03
2.90771188E+03
1.27763340E+03
6.10329140E+02
3.09188119E+02
1.63629447E+02
8.90650717E+01
4.95874266E+01
2.77394449E+01
1.53191993E+01
8.48478925E+00
4.63440984E+00
2.46596080E+00
1.28170935E+00
6.36002165E-01
2.82909560E-01
1.18316635E-01
4.59558674E-02
   13    0    0
1.10672197E+03
3.73712703E+02
1.58563166E+02
7.47412617E+01
3.73602931E+01
1.91133504E+01
9.79270356E+00
4.89356816E+00
2.27309199E+00
9.80565731E-01
3.86411683E-01
1.30497697E-01
8.67663520E-02
    5    0    0
2.98949910E+00
1.76856440E+00
4.93675140E-01
2.10592700E-01
7.07663810E-02
    1    0    0
1.01943960E+00



** Available from the Dirac web site, http://dirac.chem.sdu.dk **