4
   26    0    0
5.63280759E+07
1.47049788E+07
4.83729497E+06
1.73161427E+06
6.62190496E+05
2.63828714E+05
1.09078724E+05
4.65268361E+04
2.04331721E+04
9.21608310E+03
4.26145509E+03
2.01660009E+03
9.73860092E+02
4.66725407E+02
2.36189287E+02
1.22318481E+02
6.01925482E+01
3.19851466E+01
1.50504643E+01
8.04616160E+00
3.30919411E+00
1.76858821E+00
6.11504365E-01
2.95974861E-01
7.16691654E-02
2.89126780E-02
   23    0    0
2.53765363E+07
5.25639620E+06
1.30770492E+06
3.66580980E+05
1.12775339E+05
3.75770918E+04
1.35003379E+04
5.22330125E+03
2.16796771E+03
9.57173372E+02
4.44126951E+02
2.14166159E+02
1.05620675E+02
5.40884241E+01
2.80011333E+01
1.40861997E+01
7.23858411E+00
3.34563005E+00
1.61642205E+00
6.19544206E-01
2.63010847E-01
6.73573168E-02
2.41882606E-02
   17    0    0
3.01872413E+04
7.37965711E+03
2.50254223E+03
1.01165304E+03
4.55638938E+02
2.20483780E+02
1.11758208E+02
5.84933138E+01
3.09693534E+01
1.62298216E+01
8.50649312E+00
4.34380868E+00
2.17302389E+00
1.03873358E+00
4.28795089E-01
1.68072574E-01
5.91955477E-02
   11    0    0
6.45144302E+02
2.18151514E+02
9.16922860E+01
4.22732982E+01
2.03067664E+01
9.79256292E+00
4.56809306E+00
1.83462683E+00
6.77590281E-01
2.12569046E-01
8.67663520E-02
    2    0    0
1.00609730E+00
1.95596880E-01



** Available from the Dirac web site, http://dirac.chem.sdu.dk **