6
   37    0    0
5.73724723E+07
1.52748573E+07
5.22872178E+06
1.99114606E+06
8.32943058E+05
3.70243589E+05
1.74012709E+05
8.53510330E+04
4.35223581E+04
2.28975647E+04
1.23651312E+04
6.81239495E+03
3.82169755E+03
2.18765131E+03
1.28451540E+03
7.75145563E+02
4.77944108E+02
3.01081039E+02
1.94724811E+02
1.25764008E+02
7.95669052E+01
4.94922388E+01
3.02157792E+01
1.82174185E+01
1.13302435E+01
7.02645064E+00
4.31793783E+00
2.57034756E+00
1.53360871E+00
9.25765905E-01
5.32736964E-01
3.07322994E-01
1.72630009E-01
1.11785467E-01
6.20522318E-02
3.32558674E-02
1.73630524E-02
   34    0    0
7.29742320E+07
2.62224254E+07
9.63963685E+06
3.71801387E+06
1.49147864E+06
6.19584117E+05
2.65382541E+05
1.16949328E+05
5.29679270E+04
2.46470849E+04
1.17932939E+04
5.81121957E+03
2.95205152E+03
1.54598581E+03
8.32716161E+02
4.59795391E+02
2.59642228E+02
1.49058230E+02
8.66446599E+01
5.14499710E+01
3.05559916E+01
1.79808887E+01
1.07140428E+01
6.34493733E+00
3.69133896E+00
2.13493176E+00
1.21735768E+00
6.76095705E-01
3.69040410E-01
1.98168145E-01
9.86233748E-02
4.94992351E-02
2.45238114E-02
1.20481630E-02
   24    0    0
5.39455866E+05
1.24815967E+05
3.90671508E+04
1.44904667E+04
6.06469132E+03
2.77547140E+03
1.36034687E+03
7.03084633E+02
3.78178217E+02
2.10089951E+02
1.19443615E+02
6.91673710E+01
4.05265739E+01
2.37542937E+01
1.38126947E+01
8.03611544E+00
4.62685191E+00
2.59690521E+00
1.43469157E+00
7.66579414E-01
3.78374682E-01
1.80238109E-01
8.21043655E-02
3.54288527E-02
   15    0    0
1.94951627E+03
6.53212531E+02
2.76578801E+02
1.32216753E+02
6.73229217E+01
3.57487196E+01
1.92825954E+01
1.04209100E+01
5.54947315E+00
2.85462934E+00
1.36162382E+00
6.09628582E-01
2.52838789E-01
9.13210536E-02
5.04047100E-02
    6    0    0
3.97082170E+00
1.94839610E+00
8.09472840E-01
3.62200630E-01
1.25405870E-01
4.21406810E-02
    5    0    0
3.35510090E+00
1.71754750E+00
5.09950300E-01
2.77580970E-01
9.32767400E-02
    2    0    0
1.35140460E+00
2.62728590E-01



** Available from the Dirac web site, http://dirac.chem.sdu.dk **