20
  60098250.106123134      0
  13355166.690249585      0
  4451722.230083195         2
  1483907.4100277314         2
  494635.8033425771         2
  164878.60111419237         2
  54959.53370473079         3
  18319.844568243596         3
  6106.614856081199         3
  2035.5382853603996         4
  678.5127617867998         4
  226.17092059559994         4
  75.39030686519997         4
  25.130102288399993         4
  8.376700762799997         4
  2.792233587599999         5
  0.9307445291999996         6
  0.31024817639999985         4
  0.10341605879999995         2
  0.03447201959999998         2
