20
  60098250.106123134      0
  13355166.690249585      0
  4451722.230083195         3
  1483907.4100277314         3
  494635.8033425771         3
  164878.60111419237         3
  54959.53370473079         4
  18319.844568243596         4
  6106.614856081199         4
  2035.5382853603996         5
  678.5127617867998         5
  226.17092059559994         5
  75.39030686519997         5
  25.130102288399993         5
  8.376700762799997         5
  2.792233587599999         6
  0.9307445291999996         7
  0.31024817639999985         5
  0.10341605879999995         3
  0.03447201959999998         3
