19
  45447472.20398023      0
  10099438.267551163      0
  3366479.4225170542         3
  1122159.8075056847         3
  374053.26916856156         3
  124684.42305618718         3
  41561.474352062396         3
  13853.824784020799         3
  4617.9415946736         4
  1539.3138648912         4
  513.1046216304         5
  171.0348738768         5
  57.0116246256         5
  19.0038748752         5
  6.3346249584         5
  2.1115416528         5
  0.7038472176         5
  0.2346157392         3
  0.0782052464         3
