30
  83972243.91590543      2
  20993060.978976358      2
  10496530.489488179         2
  5248265.244744089         2
  2624132.6223720447         2
  1312066.3111860224         2
  656033.1555930112         2
  328016.5777965056         2
  164008.2888982528         2
  82004.1444491264         2
  41002.0722245632         2
  20501.0361122816         2
  10250.5180561408         2
  5125.2590280704         4
  2562.6295140352         4
  1281.3147570176         4
  640.6573785088         4
  320.3286892544         4
  160.1643446272         4
  80.0821723136         4
  40.0410861568         4
  20.0205430784         4
  10.0102715392         4
  5.0051357696         4
  2.5025678848         4
  1.2512839424         4
  0.6256419712         4
  0.3128209856         2
  0.1564104928         2
  0.0782052464         2
