19
  45447472.20398023      2
  10099438.267551163      2
  3366479.4225170542         2
  1122159.8075056847         2
  374053.26916856156         2
  124684.42305618718         2
  41561.474352062396         2
  13853.824784020799         2
  4617.9415946736         4
  1539.3138648912         4
  513.1046216304         4
  171.0348738768         4
  57.0116246256         4
  19.0038748752         4
  6.3346249584         4
  2.1115416528         4
  0.7038472176         4
  0.2346157392         2
  0.0782052464         2
