20
  90351423.52572341      0
  20078094.116827425      0
  6692698.038942475         3
  2230899.3463141583         3
  743633.1154380528         3
  247877.7051460176         3
  82625.9017153392         3
  27541.967238446403         3
  9180.655746148801         4
  3060.2185820496         4
  1020.0728606832         5
  340.0242868944         5
  113.3414289648         5
  37.7804763216         5
  12.5934921072         5
  4.1978307024         5
  1.3992769008000001         6
  0.46642563360000006         5
  0.15547521120000002         3
  0.051825070400000006         3
