20
  81597440.89248891      0
  18132764.642775316      0
  6044254.880925105         3
  2014751.626975035         3
  671583.8756583451         3
  223861.291886115         3
  74620.430628705         3
  24873.476876235         4
  8291.158958745         4
  2763.719652915         4
  921.239884305         5
  307.07996143500003         5
  102.359987145         5
  34.119995715         5
  11.373331905         5
  3.7911106350000003         5
  1.263703545         6
  0.42123451500000003         5
  0.14041150500000002         4
  0.04680383500000001         3
