31
  100510470.32619008      2
  25127617.58154752      2
  12563808.79077376         2
  6281904.39538688         2
  3140952.19769344         2
  1570476.09884672         2
  785238.04942336         2
  392619.02471168         2
  196309.51235584         2
  98154.75617792         2
  49077.37808896         4
  24538.68904448         4
  12269.34452224         4
  6134.67226112         4
  3067.33613056         4
  1533.66806528         4
  766.83403264         4
  383.41701632         4
  191.70850816         4
  95.85425408         4
  47.92712704         4
  23.96356352         4
  11.98178176         4
  5.99089088         4
  2.99544544         4
  1.49772272         4
  0.74886136         4
  0.37443068         4
  0.18721534         4
  0.09360767         2
  0.046803835         2
