21
  131215267.86459988      0
  29158948.41435553      0
  9719649.471451843         3
  3239883.1571506145         3
  1079961.052383538         4
  359987.01746117935         4
  119995.67248705978         4
  39998.5574956866         4
  13332.852498562199         4
  4444.2841661874         4
  1481.4280553958         5
  493.80935179859995         5
  164.60311726619997         5
  54.86770575539999         5
  18.289235251799997         5
  6.096411750599999         7
  2.0321372501999995         8
  0.6773790833999999         7
  0.22579302779999996         6
  0.07526434259999999         4
  0.025088114199999997         3
