20
  81597440.89248891      0
  18132764.642775316      0
  6044254.880925105         2
  2014751.626975035         2
  671583.8756583451         2
  223861.291886115         2
  74620.430628705         2
  24873.476876235         3
  8291.158958745         3
  2763.719652915         3
  921.239884305         4
  307.07996143500003         4
  102.359987145         4
  34.119995715         4
  11.373331905         4
  3.7911106350000003         4
  1.263703545         5
  0.42123451500000003         4
  0.14041150500000002         3
  0.04680383500000001         2
