21
  131215267.86459988      0
  29158948.41435553      0
  9719649.471451843         2
  3239883.1571506145         2
  1079961.052383538         3
  359987.01746117935         3
  119995.67248705978         3
  39998.5574956866         3
  13332.852498562199         3
  4444.2841661874         3
  1481.4280553958         4
  493.80935179859995         4
  164.60311726619997         4
  54.86770575539999         4
  18.289235251799997         4
  6.096411750599999         6
  2.0321372501999995         7
  0.6773790833999999         6
  0.22579302779999996         5
  0.07526434259999999         3
  0.025088114199999997         2
