20
  54077804.62916812      0
  12017289.917592915      0
  4005763.305864305         3
  1335254.4352881017         3
  445084.81176270056         3
  148361.60392090018         4
  49453.867973633394         4
  16484.622657877797         4
  5494.874219292599         4
  1831.6247397641998         5
  610.5415799214         5
  203.51385997379998         5
  67.8379533246         5
  22.612651108199998         5
  7.537550369399999         5
  2.5125167898         7
  0.8375055965999999         7
  0.2791685322         6
  0.0930561774         4
  0.031018725799999997         3
