18
  44152551.53036652      0
  9811678.117859226      0
  3270559.372619742         1
  1090186.457539914         1
  363395.485846638         2
  121131.828615546         2
  40377.276205181995         2
  13459.092068393998         2
  4486.3640227979995         2
  1495.4546742659998         3
  498.4848914219999         3
  166.16163047399996         3
  55.38721015799999         3
  18.462403385999995         3
  6.154134461999998         3
  2.0513781539999996         3
  0.6837927179999999         3
  0.22793090599999996         2
