18
  44152551.53036652      0
  9811678.117859226      0
  3270559.372619742         2
  1090186.457539914         2
  363395.485846638         3
  121131.828615546         3
  40377.276205181995         3
  13459.092068393998         3
  4486.3640227979995         3
  1495.4546742659998         4
  498.4848914219999         4
  166.16163047399996         4
  55.38721015799999         4
  18.462403385999995         4
  6.154134461999998         4
  2.0513781539999996         4
  0.6837927179999999         4
  0.22793090599999996         3
