19
  61783964.03528794      0
  13729769.785619542      0
  4576589.928539847         2
  1525529.976179949         2
  508509.992059983         2
  169503.330686661         2
  56501.110228887         2
  18833.703409629         3
  6277.901136543001         3
  2092.633712181         3
  697.5445707270001         3
  232.51485690900003         3
  77.50495230300001         3
  25.834984101000003         3
  8.611661367000002         3
  2.8705537890000006         3
  0.9568512630000002      6
  0.3189504210000001         3
  0.10631680700000003         2