19
  84151632.6199016      0
  18700362.804422576      0
  6233454.268140859         3
  2077818.0893802864         3
  692606.0297934288         3
  230868.67659780962         3
  76956.2255326032         3
  25652.0751775344         3
  8550.6917258448         4
  2850.2305752815996         4
  950.0768584271999         4
  316.69228614239995         4
  105.56409538079998         4
  35.1880317936         4
  11.729343931199999         4
  3.9097813103999997         4
  1.3032604367999998         4
  0.4344201455999999      5
  0.14480671519999996         3