29
  122369473.37720627      2
  30592368.344301566      2
  15296184.172150783         2
  7648092.086075392         2
  3824046.043037696         2
  1912023.021518848         2
  956011.510759424         2
  478005.755379712         2
  239002.877689856         2
  119501.438844928         2
  59750.719422464         2
  29875.359711232         2
  14937.679855616         2
  7468.839927808         2
  3734.419963904         2
  1867.209981952         2
  933.604990976         2
  466.802495488         2
  233.401247744         2
  116.700623872         2
  58.350311936         2
  29.175155968         2
  14.587577984         2
  7.293788992         2
  3.646894496         2
  1.823447248         2
  0.911723624         2
  0.455861812         2
  0.227930906         2
