19
  61783964.03528794      0
  13729769.785619542      0
  4576589.928539847         3
  1525529.976179949         3
  508509.992059983         3
  169503.330686661         3
  56501.110228887         3
  18833.703409629         4
  6277.901136543001         4
  2092.633712181         4
  697.5445707270001         4
  232.51485690900003         4
  77.50495230300001         4
  25.834984101000003         4
  8.611661367000002         4
  2.8705537890000006         4
  0.9568512630000002      6
  0.3189504210000001         4
  0.10631680700000003         3