21
  76287065.32086703      0
  16952681.182414893      0
  5650893.727471631         3
  1883631.2424905438         3
  627877.0808301813         3
  209292.3602767271         3
  69764.12009224236         3
  23254.70669741412         4
  7751.56889913804         4
  2583.85629971268         4
  861.28543323756         4
  287.09514441252         4
  95.69838147084         4
  31.899460490280003         4
  10.63315349676         4
  3.54438449892         4
  1.18146149964         6
  0.39382049987999995         5
  0.13127349995999998         5
  0.043757833319999995         3
  0.014585944439999998         3
