20
  38290577.22758895      0
  8509017.161686433      0
  2836339.0538954777         2
  945446.3512984925         3
  315148.78376616415         3
  105049.59458872139         3
  35016.5315295738         3
  11672.1771765246         3
  3890.7257255082         4
  1296.9085751694         4
  432.30285838979995         4
  144.10095279659998         4
  48.0336509322         4
  16.0112169774         4
  5.3370723258         4
  1.7790241086         4
  0.5930080362         4
  0.1976693454         3
  0.0658897818         3
  0.021963260600000003         3
