20
  38290577.22758895      0
  8509017.161686433      0
  2836339.0538954777         1
  945446.3512984925         2
  315148.78376616415         2
  105049.59458872139         2
  35016.5315295738         2
  11672.1771765246         2
  3890.7257255082         3
  1296.9085751694         3
  432.30285838979995         3
  144.10095279659998         3
  48.0336509322         3
  16.0112169774         3
  5.3370723258         3
  1.7790241086         3
  0.5930080362         3
  0.1976693454         2
  0.0658897818         2
  0.021963260600000003         2
