32
  94331485.99052534      2
  23582871.497631334      2
  11791435.748815667         2
  5895717.874407833         2
  2947858.9372039167         2
  1473929.4686019584         2
  736964.7343009792         2
  368482.3671504896         2
  184241.1835752448         2
  92120.5917876224         2
  46060.2958938112         2
  23030.1479469056         2
  11515.0739734528         2
  5757.5369867264         2
  2878.7684933632         2
  1439.3842466816         2
  719.6921233408         2
  359.8460616704         2
  179.9230308352         2
  89.9615154176         2
  44.9807577088         2
  22.4903788544         2
  11.2451894272         2
  5.6225947136         2
  2.8112973568         2
  1.4056486784         2
  0.7028243392         2
  0.3514121696         2
  0.1757060848         2
  0.0878530424         2
  0.0439265212         2
  0.0219632606         2
