21
  79391079.00321135      0
  17642462.00071363      0
  5880820.6669045435         3
  1960273.5556348478         3
  653424.5185449492         3
  217808.1728483164         3
  72602.72428277213         3
  24200.90809425738         3
  8066.969364752459         4
  2688.98978825082         4
  896.32992941694         4
  298.77664313898         4
  99.59221437965999         4
  33.197404793219995         4
  11.065801597739998         4
  3.6886005325799993         4
  1.2295335108599998         4
  0.40984450361999997         4
  0.13661483453999998         4
  0.045538278179999996         3
  0.015179426059999999         3
