21
  76287065.32086703      0
  16952681.182414893      0
  5650893.727471631         2
  1883631.2424905438         2
  627877.0808301813         2
  209292.3602767271         2
  69764.12009224236         2
  23254.70669741412         3
  7751.56889913804         3
  2583.85629971268         3
  861.28543323756         3
  287.09514441252         3
  95.69838147084         3
  31.899460490280003         3
  10.63315349676         3
  3.54438449892         3
  1.18146149964         5
  0.39382049987999995         4
  0.13127349995999998         4
  0.043757833319999995         2
  0.014585944439999998         2
