20
  64151379.99627527      0
  14255862.221394503      0
  4751954.0737981675         2
  1583984.691266056         2
  527994.8970886853         2
  175998.29902956178         2
  58666.09967652059         2
  19555.366558840196         2
  6518.455519613399         3
  2172.8185065377997         3
  724.2728355126         3
  241.42427850419998         3
  80.47475950139999         3
  26.824919833799996         3
  8.941639944599999         3
  2.9805466481999994         5
  0.9935155493999998         6
  0.3311718497999999         4
  0.11039061659999998         2
  0.03679687219999999         2
