19
  40245939.65256059      2
  8943542.145013465      2
  2981180.7150044884         2
  993726.9050014961         2
  331242.30166716536         2
  110414.10055572179         2
  36804.700185240596         2
  12268.233395080199         2
  4089.4111316933995         2
  1363.1370438978         2
  454.3790146326         4
  151.4596715442         4
  50.4865571814         4
  16.828852393800002         4
  5.6096174646         4
  1.8698724882000002         4
  0.6232908294         4
  0.2077636098         2
  0.0692545366         2
