30
  74361492.44915876      2
  18590373.11228969      2
  9295186.556144845         2
  4647593.278072422         2
  2323796.639036211         2
  1161898.3195181056         2
  580949.1597590528         2
  290474.5798795264         2
  145237.2899397632         2
  72618.6449698816         2
  36309.3224849408         2
  18154.6612424704         2
  9077.3306212352         2
  4538.6653106176         2
  2269.3326553088         2
  1134.6663276544         4
  567.3331638272         4
  283.6665819136         4
  141.8332909568         4
  70.9166454784         4
  35.4583227392         4
  17.7291613696         4
  8.8645806848         4
  4.4322903424         4
  2.2161451712         4
  1.1080725856         4
  0.5540362928         4
  0.2770181464         2
  0.1385090732         2
  0.0692545366         2
