19
  40245939.65256059      0
  8943542.145013465      0
  2981180.7150044884         1
  993726.9050014961         1
  331242.30166716536         1
  110414.10055572179         1
  36804.700185240596         2
  12268.233395080199         2
  4089.4111316933995         2
  1363.1370438978         2
  454.3790146326         3
  151.4596715442         3
  50.4865571814         3
  16.828852393800002         3
  5.6096174646         3
  1.8698724882000002         4
  0.6232908294         4
  0.2077636098         2
  0.0692545366         1
