20
  81634501.22653025      0
  18141000.27256228      0
  6047000.090854093         2
  2015666.6969513644         3
  671888.8989837881         3
  223962.96632792937         3
  74654.3221093098         3
  24884.7740364366         3
  8294.9246788122         3
  2764.9748929374         4
  921.6582976458         4
  307.21943254859997         4
  102.40647751619998         4
  34.135492505399995         4
  11.378497501799998         4
  3.7928325005999994         4
  1.2642775001999997         6
  0.4214258333999999         5
  0.14047527779999996         3
  0.046825092599999986         3
