20
  64151379.99627527      0
  14255862.221394503      0
  4751954.0737981675         3
  1583984.691266056         3
  527994.8970886853         3
  175998.29902956178         3
  58666.09967652059         3
  19555.366558840196         3
  6518.455519613399         4
  2172.8185065377997         4
  724.2728355126         4
  241.42427850419998         4
  80.47475950139999         4
  26.824919833799996         4
  8.941639944599999         4
  2.9805466481999994         6
  0.9935155493999998         7
  0.3311718497999999         5
  0.11039061659999998         3
  0.03679687219999999         3
