19
  40245939.65256059      0
  8943542.145013465      0
  2981180.7150044884         2
  993726.9050014961         2
  331242.30166716536         2
  110414.10055572179         2
  36804.700185240596         3
  12268.233395080199         3
  4089.4111316933995         3
  1363.1370438978         3
  454.3790146326         4
  151.4596715442         4
  50.4865571814         4
  16.828852393800002         4
  5.6096174646         4
  1.8698724882000002         5
  0.6232908294         5
  0.2077636098         3
  0.0692545366         2
