3
   18    0    0
5.31068821E+06
6.54988506E+05
1.30311985E+05
3.34595703E+04
1.01354908E+04
3.45272873E+03
1.28508432E+03
5.12718005E+02
2.16258439E+02
9.53769447E+01
4.35767940E+01
2.02044442E+01
8.30841798E+00
3.84720189E+00
1.77267984E+00
6.07267230E-01
2.72231955E-01
1.12672292E-01
   11    0    0
1.87471736E+03
4.13696340E+02
1.29246766E+02
4.77090540E+01
1.94765599E+01
8.39618076E+00
3.71664457E+00
1.66216311E+00
6.36076883E-01
2.45183674E-01
8.99840640E-02
    2    0    0
8.03950405E-01
2.67732297E-01
    1    0    0
5.54654445E-01



** Available from the Dirac web site, http://dirac.chem.sdu.dk **