4
   24    0    0
6.16142169E+07
9.55349922E+06
2.08810652E+06
5.55882955E+05
1.70641299E+05
5.83366896E+04
2.16939128E+04
8.63388070E+03
3.63489325E+03
1.60453832E+03
7.37477737E+02
3.50896037E+02
1.71941864E+02
8.63670487E+01
4.42689156E+01
2.29371521E+01
1.17463048E+01
6.05205208E+00
3.13304794E+00
1.62391529E+00
7.61686339E-01
3.80859138E-01
1.82473150E-01
8.50535024E-02
   14    0    0
9.03084619E+03
1.76773927E+03
5.24200590E+02
1.89571039E+02
7.71319672E+01
3.39398360E+01
1.57657053E+01
7.53785266E+00
3.66077206E+00
1.78358081E+00
8.09551442E-01
3.65346863E-01
1.59654049E-01
6.72760698E-02
    3    0    0
1.21628672E+00
4.99691216E-01
2.04556723E-01
    2    0    0
8.44032496E-01
3.26935913E-01
    1    0    0
6.83982065E-01



** Available from the Dirac web site, http://dirac.chem.sdu.dk **