2
   12    0    0
    1.54184920E+05
    2.11164907E+04
    4.54982671E+03
    1.24071939E+03
    3.93423320E+02
    1.38737228E+02
    5.30098147E+01
    2.12522226E+01
    5.83532969E+00
    2.21651914E+00
    4.35406263E-01
    1.58029412E-01
    8    0    0
    4.28066668E+02
    9.87268972E+01
    3.08585687E+01
    1.11045374E+01
    4.23339093E+00
    1.66758667E+00
    4.77518751E-01
    1.40320203E-01
    1    0    0
    4.79833420E-01
#Extracted from:
# basis dyall.aae2z
#K.G. Dyall, Theor. Chem. Acc. (2016) 135:128
#https://doi.org/10.5281/zenodo.7574628

