20
  70012831.5913291      0
  15558407.020295354      0
  5186135.673431785         2
  1728711.8911439283         2
  576237.297047976         2
  192079.09901599202         2
  64026.366338664004         2
  21342.122112888002         3
  7114.0407042960005         3
  2371.3469014320003         3
  790.4489671440001         3
  263.48298904800004         3
  87.82766301600002         3
  29.275887672000007         3
  9.758629224000002         3
  3.2528764080000006         6
  1.0842921360000002         5
  0.36143071200000004         4
  0.12047690400000001         2
  0.040158968         2
