19
  45182182.18867464      2
  10040484.930816587      2
  3346828.310272196         2
  1115609.4367573985         2
  371869.81225246616         2
  123956.60408415539         2
  41318.868028051795         2
  13772.956009350599         2
  4590.9853364502         2
  1530.3284454834         4
  510.1094818278         4
  170.0364939426         4
  56.6788313142         4
  18.892943771400002         4
  6.2976479238000005         4
  2.0992159746000003         4
  0.6997386582000001         4
  0.23324621940000004         2
  0.07774873980000001         2
