19
  45182182.18867464      0
  10040484.930816587      0
  3346828.310272196         2
  1115609.4367573985         2
  371869.81225246616         2
  123956.60408415539         2
  41318.868028051795         3
  13772.956009350599         3
  4590.9853364502         3
  1530.3284454834         4
  510.1094818278         4
  170.0364939426         4
  56.6788313142         4
  18.892943771400002         4
  6.2976479238000005         4
  2.0992159746000003         5
  0.6997386582000001         5
  0.23324621940000004         3
  0.07774873980000001         2
