20
  70012831.5913291      0
  15558407.020295354      0
  5186135.673431785         3
  1728711.8911439283         3
  576237.297047976         3
  192079.09901599202         3
  64026.366338664004         3
  21342.122112888002         4
  7114.0407042960005         4
  2371.3469014320003         4
  790.4489671440001         4
  263.48298904800004         4
  87.82766301600002         4
  29.275887672000007         4
  9.758629224000002         4
  3.2528764080000006         7
  1.0842921360000002         6
  0.36143071200000004         5
  0.12047690400000001         3
  0.040158968         3
