19
  45182182.18867464      0
  10040484.930816587      0
  3346828.310272196         1
  1115609.4367573985         1
  371869.81225246616         1
  123956.60408415539         1
  41318.868028051795         2
  13772.956009350599         2
  4590.9853364502         2
  1530.3284454834         3
  510.1094818278         3
  170.0364939426         3
  56.6788313142         3
  18.892943771400002         3
  6.2976479238000005         3
  2.0992159746000003         4
  0.6997386582000001         4
  0.23324621940000004         2
  0.07774873980000001         1
