30
  83482073.68655339      2
  20870518.421638347      2
  10435259.210819174         2
  5217629.605409587         2
  2608814.8027047934         2
  1304407.4013523967         2
  652203.7006761984         2
  326101.8503380992         2
  163050.9251690496         2
  81525.4625845248         2
  40762.7312922624         2
  20381.3656461312         2
  10190.6828230656         2
  5095.3414115328         2
  2547.6707057664         2
  1273.8353528832         4
  636.9176764416         4
  318.4588382208         4
  159.2294191104         4
  79.6147095552         4
  39.8073547776         4
  19.9036773888         4
  9.9518386944         4
  4.9759193472         4
  2.4879596736         4
  1.2439798368         4
  0.6219899184         4
  0.3109949592         2
  0.1554974796         2
  0.0777487398         2
