20
  90661275.22680452      0
  20146950.050401006      0
  6715650.016800336         2
  2238550.005600112         3
  746183.3352000373         3
  248727.77840001244         3
  82909.25946667082         3
  27636.419822223605         3
  9212.139940741201         3
  3070.7133135804         4
  1023.5711045268         4
  341.1903681756         4
  113.73012272519999         4
  37.9100409084         4
  12.6366803028         4
  4.2122267676         5
  1.4040755891999999         6
  0.46802519639999995         4
  0.15600839879999998         3
  0.05200279959999999         3
