4
   18    0    0
5.23235171E+06
6.66705732E+05
1.36393713E+05
3.58269175E+04
1.10534651E+04
3.82235448E+03
1.44058430E+03
5.81026720E+02
2.47607527E+02
1.10399273E+02
5.10670602E+01
2.43548280E+01
1.19040176E+01
5.85449618E+00
2.58554259E+00
1.18045354E+00
5.28945797E-01
2.30669403E-01
   10    0    0
9.06824311E+02
2.06908062E+02
6.57907421E+01
2.45395500E+01
1.00674062E+01
4.39008145E+00
1.95593331E+00
8.62704459E-01
3.71023085E-01
1.52357572E-01
    3    0    0
6.66783552E+00
2.29530804E+00
7.83707779E-01
    2    0    0
4.42542506E+00
1.49301485E+00
    1    0    0
2.95807958E+00



** Available from the Dirac web site, http://dirac.chem.sdu.dk **