3
   14    0    0
3.96947614E+05
5.44443048E+04
1.17525108E+04
3.21089589E+03
1.02006148E+03
3.60686567E+02
1.38211221E+02
5.62889087E+01
2.40137989E+01
1.05814807E+01
4.61947110E+00
1.88234675E+00
7.52704176E-01
2.93186695E-01
    8    0    0
3.11489673E+02
7.26198672E+01
2.29555900E+01
8.40148544E+00
3.32657461E+00
1.33518856E+00
5.21429760E-01
1.92869104E-01
    2    0    0
3.98165568E+00
1.12359377E+00
    1    0    0
2.47554062E+00



** Available from the Dirac web site, http://dirac.chem.sdu.dk **