30
  103970252.24045363      2
  25992563.060113408      2
  12996281.530056704         2
  6498140.765028352         2
  3249070.382514176         2
  1624535.191257088         2
  812267.595628544         2
  406133.797814272         2
  203066.898907136         2
  101533.449453568         2
  50766.724726784         4
  25383.362363392         4
  12691.681181696         4
  6345.840590848         4
  3172.920295424         4
  1586.460147712         4
  793.230073856         4
  396.615036928         4
  198.307518464         4
  99.153759232         4
  49.576879616         4
  24.788439808         4
  12.394219904         4
  6.197109952         4
  3.098554976         4
  1.549277488         4
  0.774638744         4
  0.387319372         4
  0.193659686         2
  0.096829843         2
