20
  56799615.380828604      0
  12622136.751295246      0
  4207378.917098415         3
  1402459.639032805         4
  467486.54634426837         4
  155828.8487814228         4
  51942.9495938076         4
  17314.3165312692         4
  5771.4388437564         5
  1923.8129479188         5
  641.2709826396         5
  213.7569942132         5
  71.2523314044         5
  23.7507771348         5
  7.9169257116         5
  2.6389752372         6
  0.8796584124         7
  0.2932194708         6
  0.0977398236         3
  0.0325799412         3
