19
  56270797.687279835      0
  12504621.708284408      0
  4168207.2360948026         3
  1389402.412031601         3
  463134.137343867         3
  154378.045781289         3
  51459.348593762996         4
  17153.116197920997         4
  5717.705399306999         4
  1905.9017997689998         5
  635.3005999229999         5
  211.76686664099998         5
  70.588955547         5
  23.529651849         5
  7.843217283         5
  2.614405761         5
  0.871468587         5
  0.29048952899999997         4
  0.09682984299999998         3
