20
  89255241.27216825      0
  19834498.06048183      0
  6611499.353493944         3
  2203833.1178313144         3
  734611.0392771048         3
  244870.3464257016         4
  81623.4488085672         4
  27207.816269522402         4
  9069.2720898408         4
  3023.0906966136004         5
  1007.6968988712001         5
  335.89896629040004         5
  111.96632209680001         5
  37.322107365600004         5
  12.440702455200002         5
  4.146900818400001         5
  1.3823002728000002         6
  0.4607667576000001         5
  0.15358891920000003         3
  0.05119630640000001         3
