20
  56799615.380828604      0
  12622136.751295246      0
  4207378.917098415         2
  1402459.639032805         3
  467486.54634426837         3
  155828.8487814228         3
  51942.9495938076         3
  17314.3165312692         3
  5771.4388437564         4
  1923.8129479188         4
  641.2709826396         4
  213.7569942132         4
  71.2523314044         4
  23.7507771348         4
  7.9169257116         4
  2.6389752372         5
  0.8796584124         6
  0.2932194708         5
  0.0977398236         2
  0.0325799412         2
