19
  56270797.687279835      0
  12504621.708284408      0
  4168207.2360948026         2
  1389402.412031601         2
  463134.137343867         2
  154378.045781289         2
  51459.348593762996         3
  17153.116197920997         3
  5717.705399306999         3
  1905.9017997689998         4
  635.3005999229999         4
  211.76686664099998         4
  70.588955547         4
  23.529651849         4
  7.843217283         4
  2.614405761         4
  0.871468587         4
  0.29048952899999997         3
  0.09682984299999998         2
