4
   35    0    0
5.27196403E+07
1.40181172E+07
4.76915925E+06
1.79430975E+06
7.39815540E+05
3.22955007E+05
1.48813092E+05
7.13670521E+04
3.55206807E+04
1.82164857E+04
9.62298159E+03
5.22953390E+03
2.92147343E+03
1.67361987E+03
9.88208746E+02
5.93567253E+02
3.61256521E+02
2.22237016E+02
1.39805397E+02
8.85855904E+01
5.61491969E+01
3.55467881E+01
2.43180164E+01
1.64040194E+01
1.12017162E+01
7.24649384E+00
4.60033228E+00
2.59484257E+00
1.71841941E+00
1.08733039E+00
7.36593759E-01
4.71258074E-01
2.29886893E-01
1.11526856E-01
5.01964399E-02
   35    0    0
8.78822227E+07
3.79251465E+07
1.60979217E+07
7.00506570E+06
3.11991699E+06
1.41855244E+06
6.56646361E+05
3.09019500E+05
1.47681051E+05
7.16130990E+04
3.52296712E+04
1.76040809E+04
8.95561770E+03
4.64866537E+03
2.46519716E+03
1.33528492E+03
7.38531948E+02
4.16586933E+02
2.38862032E+02
1.39245047E+02
8.25374353E+01
4.89609360E+01
2.92614557E+01
1.77868026E+01
1.06613145E+01
6.28508530E+00
3.68624509E+00
2.12194485E+00
1.19933177E+00
6.61340776E-01
3.51823441E-01
1.72049802E-01
8.13589190E-02
3.81167733E-02
1.75663167E-02
   24    0    0
1.16714124E+06
2.66916817E+05
8.21164227E+04
2.97833395E+04
1.21242639E+04
5.39607613E+03
2.58130105E+03
1.30861623E+03
6.94343971E+02
3.82295013E+02
2.16242539E+02
1.24984606E+02
7.31451415E+01
4.30119781E+01
2.54951252E+01
1.51544014E+01
8.92648999E+00
5.16215777E+00
2.93198011E+00
1.61038598E+00
8.53123860E-01
4.33182672E-01
2.09880286E-01
9.34384342E-02
   16    0    0
6.66784641E+03
2.13455133E+03
8.83105889E+02
4.16214588E+02
2.12935368E+02
1.14399278E+02
6.36596446E+01
3.59859044E+01
2.05940889E+01
1.17436154E+01
6.54501004E+00
3.55573168E+00
1.84637679E+00
8.87587823E-01
3.73547013E-01
2.16249082E-01
    1    0    0
4.40439630E-01



** Available from the Dirac web site, http://dirac.chem.sdu.dk **