3
   26    0    0
5.26564207E+07
1.39866817E+07
4.74422515E+06
1.77365178E+06
7.21158475E+05
3.07295461E+05
1.36171416E+05
6.18619002E+04
2.87076767E+04
1.35459317E+04
6.49347521E+03
3.16091577E+03
1.56640294E+03
7.82892664E+02
4.03205829E+02
2.12975482E+02
1.13031738E+02
6.15748622E+01
3.08168254E+01
1.74596207E+01
8.40649632E+00
4.56996553E+00
1.83861196E+00
8.93962268E-01
2.57722155E-01
9.51258475E-02
   23    0    0
4.22950772E+07
1.14195506E+07
3.38548142E+06
1.07780748E+06
3.62617690E+05
1.27813994E+05
4.70083150E+04
1.80335129E+04
7.23642488E+03
3.04722041E+03
1.34609780E+03
6.21238577E+02
2.97454758E+02
1.44471995E+02
7.28158737E+01
3.55970861E+01
1.84700824E+01
8.78221533E+00
4.36436593E+00
1.80752239E+00
7.63569979E-01
2.23571621E-01
5.49490045E-02
   17    0    0
7.11290116E+04
1.66859908E+04
5.39220281E+03
2.08768842E+03
9.08703746E+02
4.28499285E+02
2.13339353E+02
1.10374338E+02
5.81724949E+01
3.06216577E+01
1.63711945E+01
8.52644077E+00
4.33515906E+00
2.10433759E+00
9.58005214E-01
3.99541705E-01
1.49209297E-01
   10    0    0
1.29101515E+03
4.29840881E+02
1.79894990E+02
8.33836896E+01
4.05824687E+01
2.02169215E+01
9.96237638E+00
4.75970910E+00
2.14831388E+00
8.42948503E-01



** Available from the Dirac web site, http://dirac.chem.sdu.dk **