3
   30    0    0
5.27159881E+07
1.40170345E+07
4.76778279E+06
1.79291600E+06
7.38362503E+05
3.21609054E+05
1.47575178E+05
7.03008499E+04
3.46355861E+04
1.75040258E+04
9.04151431E+03
4.75155764E+03
2.53569280E+03
1.37307481E+03
7.53407402E+02
4.20525560E+02
2.37971882E+02
1.33997226E+02
7.83762095E+01
4.58141239E+01
2.61382130E+01
1.53690922E+01
9.01634950E+00
5.03290864E+00
2.60471895E+00
1.47729786E+00
7.64021574E-01
3.18793274E-01
1.44927938E-01
6.20374421E-02
   29    0    0
6.99229360E+07
2.57573476E+07
9.63528874E+06
3.75225900E+06
1.50983078E+06
6.24796520E+05
2.64954343E+05
1.14928246E+05
5.09507122E+04
2.30970836E+04
1.07244246E+04
5.11250011E+03
2.50664341E+03
1.26359688E+03
6.53959609E+02
3.46068271E+02
1.86375064E+02
1.02563592E+02
5.67265709E+01
3.11799672E+01
1.75607157E+01
9.61375858E+00
5.18261559E+00
2.70000696E+00
1.35903335E+00
6.31026021E-01
2.48336714E-01
8.85455071E-02
2.99758777E-02
   20    0    0
2.49459133E+05
5.73867961E+04
1.79593724E+04
6.69820078E+03
2.82465111E+03
1.30302626E+03
6.41786842E+02
3.32315562E+02
1.78108202E+02
9.81035833E+01
5.46614915E+01
3.03734871E+01
1.71131806E+01
9.54996715E+00
5.18568536E+00
2.74758765E+00
1.36393206E+00
6.36450687E-01
2.68694583E-01
9.18405462E-02
   13    0    0
2.40451400E+03
7.92266206E+02
3.32140168E+02
1.56372504E+02
7.86342925E+01
4.08510540E+01
2.16226344E+01
1.14209456E+01
5.87910766E+00
2.92251539E+00
1.35071410E+00
5.05357521E-01
3.77051730E-01



** Available from the Dirac web site, http://dirac.chem.sdu.dk **