5
31 0 0
     5.2715988E+07 
     1.4017034E+07 
     4.7677828E+06 
     1.7929160E+06 
     7.3836250E+05 
     3.2160905E+05 
     1.4757518E+05 
     7.0300850E+04 
     3.4635586E+04 
     1.7504026E+04 
     9.0415143E+03 
     4.7515576E+03 
     2.5356928E+03 
     1.3730748E+03 
     7.5340740E+02 
     4.2052556E+02 
     2.3797188E+02 
     1.3399723E+02 
     7.8376209E+01 
     4.5814124E+01 
     2.6138213E+01 
     1.5369092E+01 
     9.0163495E+00 
     5.0329086E+00 
     2.6047190E+00 
     1.4772979E+00 
     7.6402157E-01 
     3.1879327E-01 
     1.4492794E-01 
     6.2037442E-02 
     1.1836750E-02
30 0 0
     6.9922936E+07 
     2.5757348E+07 
     9.6352887E+06 
     3.7522590E+06 
     1.5098308E+06 
     6.2479652E+05 
     2.6495434E+05 
     1.1492825E+05 
     5.0950712E+04 
     2.3097084E+04 
     1.0724425E+04 
     5.1125001E+03 
     2.5066434E+03 
     1.2635969E+03 
     6.5395961E+02 
     3.4606827E+02 
     1.8637506E+02 
     1.0256359E+02 
     5.6726571E+01 
     3.1179967E+01 
     1.7560716E+01 
     9.6137586E+00 
     5.1826156E+00 
     2.7000070E+00 
     1.3590333E+00 
     6.3102602E-01 
     2.4833671E-01 
     8.8545507E-02 
     2.9975878E-02 
     5.4761103E-03
21 0 0
     2.4945913E+05 
     5.7386796E+04 
     1.7959372E+04 
     6.6982008E+03 
     2.8246511E+03 
     1.3030263E+03 
     6.4178684E+02 
     3.3231556E+02 
     1.7810820E+02 
     9.8103583E+01 
     5.4661491E+01 
     3.0373487E+01 
     1.7113181E+01 
     9.5499671E+00 
     5.1856854E+00 
     2.7475876E+00 
     1.3639321E+00 
     6.3645069E-01 
     2.6869458E-01 
     9.1840546E-02 
     3.1214746E-02
14 0 0
     2.4045140E+03
     7.9226621E+02
     3.3214017E+02
     1.5637250E+02
     7.8634292E+01
     4.0851054E+01
     2.1622634E+01
     1.1420946E+01
     5.8791077E+00
     2.9225154E+00
     1.3507141E+00
     5.0535752E-01
     1.1078855E-01
     3.7705173E-01
6 0 0
    2.185017262E+02
    7.1561763E+01
    2.5141657E+01
    9.0387222E+00
    3.4454144E+00
    1.1027919E+00
2 0 0    
    4.8520105E+01
    6.3858733E+00
