19
  89528105.62922812      0
  19895134.584272917      0
  6631711.528090972         3
  2210570.5093636573         3
  736856.8364545525         3
  245618.94548485082         3
  81872.9818282836         3
  27290.9939427612         3
  9096.9979809204         3
  3032.3326603068         4
  1010.7775534356         4
  336.9258511452         4
  112.3086170484         4
  37.4362056828         4
  12.4787352276         4
  4.1595784092         4
  1.3865261363999999      6
  0.4621753788         4
  0.1540584596         3