24
  5864386.027585536      2
  1466096.506896384      2
  733048.253448192         2
  366524.126724096         2
  183262.063362048         2
  91631.031681024         2
  45815.515840512         2
  22907.757920256         2
  11453.878960128         2
  5726.939480064         2
  2863.469740032         2
  1431.734870016         2
  715.867435008         2
  357.933717504         2
  178.966858752         2
  89.483429376         2
  44.741714688         2
  22.370857344         2
  11.185428672         2
  5.592714336         2
  2.796357168         2
  1.398178584         2
  0.699089292         2
  0.349544646         2
