19
  89528105.62922812      0
  19895134.584272917      0
  6631711.528090972         2
  2210570.5093636573         2
  736856.8364545525         2
  245618.94548485082         2
  81872.9818282836         2
  27290.9939427612         2
  9096.9979809204         2
  3032.3326603068         3
  1010.7775534356         3
  336.9258511452         3
  112.3086170484         3
  37.4362056828         3
  12.4787352276         3
  4.1595784092         3
  1.3865261363999999      6
  0.4621753788         3
  0.1540584596         2