21
  176888626.04959616      0
  39308583.56657692      0
  13102861.188858973         2
  4367620.396286325         2
  1455873.465428775         2
  485291.155142925         2
  161763.71838097498         3
  53921.23946032499         3
  17973.746486775         3
  5991.2488289249995         3
  1997.082942975         3
  665.6943143249999         4
  221.89810477499998         4
  73.96603492499999         4
  24.655344974999995         4
  8.218448324999999         4
  2.7394827749999995         6
  0.9131609249999998         7
  0.30438697499999995         7
  0.10146232499999998         4
  0.03382077499999999         3
