21
  176888626.04959616      0
  39308583.56657692      0
  13102861.188858973         1
  4367620.396286325         1
  1455873.465428775         1
  485291.155142925         1
  161763.71838097498         2
  53921.23946032499         2
  17973.746486775         2
  5991.2488289249995         2
  1997.082942975         2
  665.6943143249999         3
  221.89810477499998         3
  73.96603492499999         3
  24.655344974999995         3
  8.218448324999999         3
  2.7394827749999995         5
  0.9131609249999998         6
  0.30438697499999995         6
  0.10146232499999998         3
  0.03382077499999999         2
