19
  23642258.90316252      0
  5253835.311813894      0
  1751278.437271298         2
  583759.4790904326         2
  194586.49303014422         2
  64862.16434338141         2
  21620.721447793803         3
  7206.907149264601         3
  2402.3023830882003         3
  800.7674610294001         3
  266.9224870098         3
  88.9741623366         4
  29.658054112200002         4
  9.886018037400001         4
  3.2953393458000004         4
  1.0984464486         6
  0.3661488162         5
  0.1220496054         3
  0.0406832018         3
