25
  2112786.8620734466      2
  528196.7155183617      2
  264098.3577591808         2
  132049.1788795904         2
  66024.5894397952         2
  33012.2947198976         2
  16506.1473599488         2
  8253.0736799744         2
  4126.5368399872         2
  2063.2684199936         2
  1031.6342099968         2
  515.8171049984         2
  257.9085524992         2
  128.9542762496         2
  64.4771381248         4
  32.2385690624         4
  16.1192845312         4
  8.0596422656         4
  4.0298211328         4
  2.0149105664         4
  1.0074552832         4
  0.5037276416         4
  0.2518638208         4
  0.1259319104         2
  0.0629659552         2
