3
16 0 0
 456100.0000000
  68330.0000000
  15550.0000000
   4405.0000000
   1439.0000000
    520.4000000
    203.1000000
     83.9600000
     36.2000000
     15.8300000
      6.3340000
      2.6940000
      0.4313000
      0.9768000
      0.1625000
      0.0591000
10 0 0
    663.3000000
    156.8000000
     49.9800000
     18.4200000
      7.2400000
      2.9220000
      0.3818000
      1.0220000
      0.1301000
      0.0419000
3 0 0
      1.0460000
      0.3440000
      0.1350000
2 0 0
      0.7060000
      0.3120000
 
