4
30 0 0
6.2072218E+07
1.6520359E+07
5.6579154E+06
2.1562303E+06
8.9930648E+05
3.9641496E+05
1.8305902E+05
8.7361621E+04
4.2855545E+04
2.1486500E+04
1.0981356E+04
5.7079618E+03
3.0134325E+03
1.6140425E+03
8.7604750E+02
4.8122008E+02
2.6569565E+02
1.4902587E+02
8.4107445E+01
4.6502822E+01
2.7032263E+01
1.5429009E+01
8.3376899E+00
4.6056928E+00
2.3246520E+00
1.2367519E+00
6.1137785E-01
2.1209493E-01
9.1901488E-02
3.9299689E-02
24 0 0
2.6507286E+07
5.4414692E+06
1.3550310E+06
3.8271463E+05
1.1917256E+05
4.0323518E+04
1.4744409E+04
5.8109218E+03
2.4560615E+03
1.1037334E+03
5.2153826E+02
2.5638482E+02
1.3028957E+02
6.7522536E+01
3.6089267E+01
1.9365221E+01
1.0104305E+01
5.2527911E+00
2.5695090E+00
1.2603879E+00
5.7610947E-01
1.9786585E-01
7.5511922E-02
2.8214190E-02
15 0 0
1.4478102E+04
3.6771602E+03
1.2910668E+03
5.3560942E+02
2.4519276E+02
1.1979485E+02
6.0782579E+01
3.1663123E+01
1.6454082E+01
8.3834756E+00
4.2026426E+00
1.9648835E+00
8.8234297E-01
3.6673205E-01
1.3681075E-01
11 0 0
8.0460373E+02
2.7404222E+02
1.1666749E+02
5.5092369E+01
2.7495289E+01
1.4061258E+01
7.1445048E+00
3.5227599E+00
1.5926764E+00
5.3758925E-01
1.8145695E-01
1 0 0
4.0528481E-01
