3
   18    0    0
6.40636873E+06
7.87149930E+05
1.55657222E+05
3.97349378E+04
1.19769041E+04
4.06326246E+03
1.50714473E+03
5.99586549E+02
2.52292903E+02
1.11047251E+02
5.06486231E+01
2.34566619E+01
9.70034857E+00
4.53336757E+00
2.10778651E+00
7.50704231E-01
3.34305711E-01
1.37854423E-01
   11    0    0
2.15713735E+03
4.72030818E+02
1.46893921E+02
5.41173139E+01
2.20711766E+01
9.51214405E+00
4.22202630E+00
1.89907772E+00
7.55970929E-01
2.94516913E-01
1.08634057E-01
    2    0    0
1.00411042E+00
3.34213688E-01
    1    0    0
7.10734313E-01



** Available from the Dirac web site, http://dirac.chem.sdu.dk **