2
   13    0    0
    1.83564141E+05
    2.48976149E+04
    5.33136839E+03
    1.44747214E+03
    4.57469222E+02
    1.60909254E+02
    6.13372865E+01
    2.45295705E+01
    6.78828036E+00
    2.61928140E+00
    5.40489018E-01
    1.95237127E-01
    6.15087703E-02
    9    0    0
    4.56419165E+02
    1.05052504E+02
    3.27850628E+01
    1.17457206E+01
    4.45062217E+00
    1.71836439E+00
    5.49194218E-01
    1.65501477E-01
    4.68308242E-02
    4    0    0
    9.76746292E+00
    2.45212555E+00
    6.03155407E-01
    1.97360252E-01
#Extracted from:
# basis dyall.aae2z
#K.G. Dyall, Theor. Chem. Acc. (2016) 135:128
#https://doi.org/10.5281/zenodo.7574628

