4
   24    0    0
6.57549748E+07
1.05505721E+07
2.34810198E+06
6.30984833E+05
1.94630345E+05
6.66885986E+04
2.48343210E+04
9.89467592E+03
4.16919299E+03
1.84125613E+03
8.46371640E+02
4.02676431E+02
1.97306396E+02
9.91320008E+01
5.08507380E+01
2.63925821E+01
1.35745148E+01
7.02604762E+00
3.66650895E+00
1.91688614E+00
9.18557916E-01
4.58016383E-01
2.20163264E-01
1.02703604E-01
   14    0    0
1.10603118E+04
2.12273861E+03
6.22941754E+02
2.23880618E+02
9.07499825E+01
3.98444333E+01
1.84920905E+01
8.84906913E+00
4.31333579E+00
2.11550066E+00
9.74287592E-01
4.42023614E-01
1.93766710E-01
8.16023011E-02
    3    0    0
1.50473062E+00
6.22652869E-01
2.56939107E-01
    2    0    0
1.06320846E+00
4.24643518E-01
    1    0    0
8.38011330E-01



** Available from the Dirac web site, http://dirac.chem.sdu.dk **