3
   30    0    0
5.24829947E+07
1.39484494E+07
4.73684339E+06
1.77563958E+06
7.28534875E+05
3.15892600E+05
1.44297065E+05
6.84292906E+04
3.35890318E+04
1.69284482E+04
8.73226428E+03
4.58831482E+03
2.45180201E+03
1.33079064E+03
7.36318594E+02
4.14574957E+02
2.36983112E+02
1.37043730E+02
8.03160527E+01
4.69580410E+01
2.78607743E+01
1.65135652E+01
9.78413265E+00
5.63395830E+00
3.00757843E+00
1.70887779E+00
9.17009847E-01
4.54459568E-01
2.17125866E-01
9.20262300E-02
   29    0    0
7.35325333E+07
2.80944775E+07
1.08103957E+07
4.31021192E+06
1.76971547E+06
7.45064127E+05
3.20544916E+05
1.40668494E+05
6.29079454E+04
2.86757613E+04
1.33424951E+04
6.35218988E+03
3.10186595E+03
1.55477667E+03
7.99548803E+02
4.20694480E+02
2.25603267E+02
1.23495363E+02
6.81682191E+01
3.74685165E+01
2.11337803E+01
1.16445616E+01
6.33507489E+00
3.35723395E+00
1.73775679E+00
8.53233524E-01
3.71461208E-01
1.54480807E-01
5.87591573E-02
   20    0    0
3.37637694E+05
7.72323690E+04
2.39530250E+04
8.83344108E+03
3.68119517E+03
1.68017334E+03
8.20333430E+02
4.21876374E+02
2.25102266E+02
1.23613283E+02
6.88142235E+01
3.83084288E+01
2.17005480E+01
1.22247587E+01
6.71995940E+00
3.63412468E+00
1.87141360E+00
9.27211076E-01
4.26175850E-01
1.60438079E-01
   13    0    0
3.06489942E+03
1.00176725E+03
4.18016911E+02
1.96805885E+02
9.91536067E+01
5.18610418E+01
2.76938856E+01
1.48461775E+01
7.82011240E+00
4.01242935E+00
1.95144031E+00
8.14623710E-01
3.89891090E-01



** Available from the Dirac web site, http://dirac.chem.sdu.dk **