3
   26    0    0
5.24543434E+07
1.39342753E+07
4.72586931E+06
1.76655977E+06
7.20004310E+05
3.08342403E+05
1.37804335E+05
6.32550050E+04
2.96875536E+04
1.41569741E+04
6.84986815E+03
3.36021593E+03
1.67684236E+03
8.47152669E+02
4.39087321E+02
2.32521218E+02
1.25971789E+02
6.93405284E+01
3.54206791E+01
2.02418111E+01
1.00527536E+01
5.56202638E+00
2.35158724E+00
1.21100065E+00
4.12227893E-01
1.59031719E-01
   23    0    0
4.56226785E+07
1.28729373E+07
3.93590515E+06
1.28310998E+06
4.39439154E+05
1.56830707E+05
5.80943914E+04
2.23217925E+04
8.92013696E+03
3.72283531E+03
1.62573603E+03
7.41242740E+02
3.50951511E+02
1.69104303E+02
8.47054959E+01
4.13905180E+01
2.14933937E+01
1.02679675E+01
5.18229819E+00
2.19602479E+00
9.89384744E-01
3.19468837E-01
9.86706817E-02
   17    0    0
9.34050542E+04
2.17092956E+04
6.92742965E+03
2.64817876E+03
1.14081718E+03
5.33672197E+02
2.64430103E+02
1.36373690E+02
7.18993191E+01
3.79447993E+01
2.04023819E+01
1.07633686E+01
5.57883329E+00
2.80009817E+00
1.33179571E+00
5.88745938E-01
2.23304938E-01
   10    0    0
1.62557486E+03
5.37987566E+02
2.25026762E+02
1.04559255E+02
5.13069042E+01
2.58520536E+01
1.30188065E+01
6.40298978E+00
3.01668444E+00
1.27846072E+00



** Available from the Dirac web site, http://dirac.chem.sdu.dk **