4
   35    0    0
5.24854746E+07
1.39495779E+07
4.73765924E+06
1.77625390E+06
7.29100862E+05
3.16380784E+05
1.44752897E+05
6.88591249E+04
3.40160683E+04
1.73417123E+04
9.12592703E+03
4.95335065E+03
2.80074865E+03
1.70828513E+03
1.21733487E+03
8.62943305E+02
5.64966578E+02
3.58140072E+02
2.25880184E+02
1.47289887E+02
9.82329929E+01
6.44618236E+01
4.10574543E+01
2.72635178E+01
1.81140109E+01
1.21460422E+01
7.45100752E+00
4.49058231E+00
2.95347603E+00
1.83892540E+00
1.16166488E+00
6.75425819E-01
3.66995155E-01
1.85479420E-01
8.13633895E-02
   35    0    0
8.95852932E+07
3.92231113E+07
1.68599722E+07
7.40624713E+06
3.32279378E+06
1.51963552E+06
7.06722550E+05
3.33736752E+05
1.59921303E+05
7.77594264E+04
3.83692071E+04
1.92222193E+04
9.79057721E+03
5.08057925E+03
2.69240533E+03
1.46023844E+03
8.11773863E+02
4.62080977E+02
2.68465450E+02
1.59444659E+02
9.67099966E+01
5.90306127E+01
3.65442581E+01
2.30463929E+01
1.43239383E+01
8.73188672E+00
5.30197846E+00
3.16777708E+00
1.85750803E+00
1.06303456E+00
5.89913886E-01
3.13360961E-01
1.60458662E-01
7.93676508E-02
3.75337574E-02
   24    0    0
1.71465154E+06
3.90028353E+05
1.19206574E+05
4.28988008E+04
1.73011158E+04
7.62404365E+03
3.61015158E+03
1.81113222E+03
9.51191306E+02
5.19089158E+02
2.92040197E+02
1.68117510E+02
9.85063897E+01
5.81536027E+01
3.43464918E+01
2.05160436E+01
1.22036083E+01
7.10581277E+00
4.09943134E+00
2.31660744E+00
1.27389211E+00
6.77011148E-01
3.40324762E-01
1.48286099E-01
   16    0    0
8.10550500E+03
2.57520427E+03
1.05972300E+03
4.97735881E+02
2.54313815E+02
1.36712631E+02
7.62608209E+01
4.32982910E+01
2.49364857E+01
1.43733765E+01
8.17195337E+00
4.61890960E+00
2.58634757E+00
1.39572680E+00
6.39327270E-01
2.63147721E-01
    1    0    0
4.58516460E-01



** Available from the Dirac web site, http://dirac.chem.sdu.dk **