4
   23    0    0
5.39435425E+07
8.99808344E+06
2.03487339E+06
5.47424182E+05
1.67782093E+05
5.69008377E+04
2.09406092E+04
8.24208227E+03
3.43119918E+03
1.49765056E+03
6.80432517E+02
3.19847238E+02
1.54645939E+02
7.59114037E+01
3.51719909E+01
1.77583427E+01
8.94120643E+00
4.10274932E+00
1.95823890E+00
8.88071260E-01
2.05027372E-01
8.96124991E-02
3.81012871E-02
   16    0    0
5.44385455E+04
8.96245884E+03
2.35714451E+03
7.89174535E+02
3.05078035E+02
1.29636716E+02
5.87347840E+01
2.76896978E+01
1.33827563E+01
6.40959874E+00
3.08816213E+00
1.46400045E+00
6.73631515E-01
2.12917749E-01
7.90937835E-02
2.97825650E-02
    9    0    0
3.17340924E+02
9.36732102E+01
3.55293077E+01
1.49917368E+01
6.72204198E+00
3.03683220E+00
1.33336105E+00
5.55414758E-01
2.09361233E-01
    3    0    0
6.36242615E+00
1.71948900E+00
4.64703612E-01
    2    0    0
4.03365893E+00
1.09012380E+00



** Available from the Dirac web site, http://dirac.chem.sdu.dk **