5
   30    0    0
1.07593155E+08
2.72212271E+07
8.63858453E+06
3.02261612E+06
1.14351473E+06
4.58015421E+05
1.92983368E+05
8.50176886E+04
3.89529499E+04
1.84643855E+04
9.01429466E+03
4.51577818E+03
2.31532927E+03
1.21208457E+03
6.45998850E+02
3.49483438E+02
1.91466131E+02
1.05913265E+02
5.88244907E+01
3.20021039E+01
1.77849857E+01
9.90913672E+00
5.42648814E+00
2.89471392E+00
1.51472192E+00
7.66765942E-01
2.63572624E-01
1.33872831E-01
6.41048704E-02
3.04414989E-02
   20    0    0
7.39336047E+05
1.08946717E+05
2.43910723E+04
7.06956198E+03
2.46129189E+03
9.74194990E+02
4.22354877E+02
1.95720571E+02
9.54050737E+01
4.81922318E+01
2.49489763E+01
1.31302824E+01
6.86363894E+00
3.49744915E+00
1.73082185E+00
8.26719830E-01
3.28392657E-01
1.39952619E-01
5.88121713E-02
2.46876869E-02
   12    0    0
1.01852954E+03
2.96503030E+02
1.13204871E+02
4.95718763E+01
2.33426173E+01
1.15260581E+01
5.84568111E+00
2.96207967E+00
1.47423241E+00
7.12946600E-01
3.29856175E-01
1.40880452E-01
    4    0    0
1.01068672E+01
3.31518803E+00
1.06702579E+00
3.43432718E-01
    3    0    0
7.14128641E+00
2.20146922E+00
6.78654579E-01
    2    0    0
4.49186354E+00
1.38472241E+00



** Available from the Dirac web site, http://dirac.chem.sdu.dk **