3
   15    0    0
2.26747490E+06
2.71105177E+05
5.26192938E+04
1.32395406E+04
3.94321251E+03
1.32412700E+03
4.86763519E+02
1.92399027E+02
7.99734993E+01
2.56276938E+01
1.07796221E+01
3.05767637E+00
1.20579026E+00
1.51791203E-01
5.33675189E-02
   11    0    0
4.03597448E+03
8.37444683E+02
2.52380423E+02
9.08688578E+01
3.60076691E+01
1.50132696E+01
6.01872232E+00
2.48276318E+00
9.59036439E-01
1.71168243E-01
4.77340544E-02
    6    0    0
8.94217597E+01
2.58060338E+01
9.12281452E+00
3.41834351E+00
1.22183430E+00
3.85370795E-01
    2    0    0
3.29706214E+00
4.66610901E-01



** Available from the Dirac web site, http://dirac.chem.sdu.dk **