6
   37    0    0
5.49422251E+07
1.46215359E+07
4.99207014E+06
1.89165896E+06
7.86944609E+05
3.47470234E+05
1.62279871E+05
7.92098618E+04
4.03693959E+04
2.13975672E+04
1.18878441E+04
7.16405163E+03
4.70977484E+03
2.98113698E+03
1.81887614E+03
1.12530021E+03
7.09096942E+02
4.63329878E+02
3.00006709E+02
1.85663684E+02
1.11685474E+02
6.87312496E+01
4.21896333E+01
2.74880292E+01
1.72182645E+01
1.12853664E+01
7.21083271E+00
4.25296775E+00
2.51332889E+00
1.44807845E+00
8.82372311E-01
5.15454066E-01
2.87242721E-01
1.46727117E-01
7.28545031E-02
3.59890498E-02
1.79105748E-02
   34    0    0
7.82154994E+07
3.03697462E+07
1.18357801E+07
4.78942060E+06
2.00129571E+06
8.60724278E+05
3.79614113E+05
1.71318402E+05
7.90113281E+04
3.72342855E+04
1.79410880E+04
8.85160194E+03
4.47931304E+03
2.32759658E+03
1.24106131E+03
6.77545386E+02
3.78050166E+02
2.14486970E+02
1.23319389E+02
7.24135105E+01
4.26169251E+01
2.49351025E+01
1.48564643E+01
8.81765807E+00
5.15250324E+00
2.96394861E+00
1.66209192E+00
8.96594385E-01
4.73758460E-01
2.47487667E-01
1.21287007E-01
5.82979426E-02
2.75361689E-02
1.29591399E-02
   24    0    0
8.22398178E+05
1.89689142E+05
5.88699924E+04
2.15576760E+04
8.87590384E+03
4.00196419E+03
1.93601071E+03
9.89075409E+02
5.27285456E+02
2.91170291E+02
1.64931588E+02
9.51911631E+01
5.55933224E+01
3.25207183E+01
1.89281151E+01
1.10480502E+01
6.38041038E+00
3.58756263E+00
1.95918394E+00
1.01847576E+00
4.63388142E-01
2.00168772E-01
8.26841222E-02
3.24259619E-02
   16    0    0
2.49059266E+03
8.25980213E+02
3.47684765E+02
1.65556840E+02
8.41146287E+01
4.46192737E+01
2.40525428E+01
1.30755132E+01
7.04296337E+00
3.67513169E+00
1.84875556E+00
8.83059317E-01
3.93053714E-01
1.54786500E-01
1.11063250E-01
5.30665800E-02
    6    0    0
6.05428940E+00
2.42113520E+00
8.97990870E-01
3.76456340E-01
1.33368630E-01
6.37242000E-02
    4    0    0
4.41785920E+00
1.63457530E+00
2.41276230E-01
1.15283000E-01
    2    0    0
3.38371460E+00
5.88884940E-01



** Available from the Dirac web site, http://dirac.chem.sdu.dk **