4
   26    0    0
5.45915305E+07
1.44339800E+07
4.85347956E+06
1.78860806E+06
7.08755301E+05
2.92362567E+05
1.24815175E+05
5.46933983E+04
2.45551170E+04
1.12666940E+04
5.27761035E+03
2.52165355E+03
1.22838467E+03
5.97746179E+02
3.03848770E+02
1.58632934E+02
8.03785021E+01
4.30375313E+01
2.06345481E+01
1.13787359E+01
5.00343270E+00
2.62776403E+00
9.19403898E-01
4.02613148E-01
7.04784912E-02
2.79722612E-02
   23    0    0
3.11657631E+07
7.11278126E+06
1.87977157E+06
5.48598078E+05
1.73007321E+05
5.82962870E+04
2.09020927E+04
7.97786003E+03
3.24337957E+03
1.39985966E+03
6.35762985E+02
3.01000354E+02
1.46758557E+02
7.42876530E+01
3.81956278E+01
1.91887139E+01
9.97574520E+00
4.74281672E+00
2.26524325E+00
8.45409533E-01
3.29176168E-01
7.73735597E-02
2.64622153E-02
   17    0    0
4.53399957E+04
1.08608602E+04
3.60153578E+03
1.42837416E+03
6.34077559E+02
3.03582887E+02
1.52842609E+02
7.96785065E+01
4.21555932E+01
2.21623794E+01
1.17525394E+01
6.07327830E+00
3.05133350E+00
1.43245735E+00
5.37500123E-01
1.86630213E-01
5.79249087E-02
   12    0    0
7.57978439E+02
2.55173865E+02
1.06591954E+02
4.89731409E+01
2.33336456E+01
1.12309300E+01
5.20332388E+00
2.29373218E+00
9.22945904E-01
3.16876554E-01
1.34127661E-01
6.40868700E-02
    2    0    0
2.66593010E+00
4.63965270E-01



** Available from the Dirac web site, http://dirac.chem.sdu.dk **