5
   33    0    0
5.49349262E+07
1.46188175E+07
4.99104261E+06
1.89094911E+06
7.86049071E+05
3.46620726E+05
1.61436903E+05
7.83440010E+04
3.94626533E+04
2.04780117E+04
1.09100261E+04
5.93811422E+03
3.28758106E+03
1.84145681E+03
1.03935520E+03
5.87587903E+02
3.36305371E+02
1.93613074E+02
1.11112619E+02
6.65294326E+01
3.92661851E+01
2.27569498E+01
1.39077206E+01
8.43232825E+00
5.02118464E+00
2.96781507E+00
1.68234561E+00
9.51829765E-01
5.19794251E-01
2.75031026E-01
9.42294269E-02
4.42944361E-02
2.06805804E-02
   29    0    0
5.72163529E+07
1.80193141E+07
6.00208630E+06
2.12193007E+06
7.86451120E+05
3.03486732E+05
1.21402390E+05
5.02431742E+04
2.15112428E+04
9.54249469E+03
4.39345993E+03
2.10002136E+03
1.03938977E+03
5.30485757E+02
2.78876774E+02
1.50279808E+02
8.29457975E+01
4.63871796E+01
2.57402212E+01
1.45048922E+01
8.12515766E+00
4.44780690E+00
2.35768613E+00
1.15876298E+00
5.55083928E-01
2.57338201E-01
9.74559766E-02
4.14252197E-02
1.69258466E-02
   20    0    0
1.39973148E+05
3.26983341E+04
1.04690387E+04
4.00758534E+03
1.73306005E+03
8.16918206E+02
4.09454433E+02
2.14881248E+02
1.16266541E+02
6.44402243E+01
3.59780241E+01
1.99283588E+01
1.11190090E+01
6.11312349E+00
3.25614611E+00
1.65943711E+00
7.78819321E-01
3.17744282E-01
1.20110292E-01
4.21687511E-02
   13    0    0
1.37930792E+03
4.61889221E+02
1.95199473E+02
9.16904397E+01
4.57630452E+01
2.33639582E+01
1.20363562E+01
6.09823474E+00
2.96368465E+00
1.36244487E+00
5.76799210E-01
2.12829175E-01
6.40868700E-02
    4    0    0
4.36902140E+00
1.42193210E+00
1.97915070E-01
9.45648200E-02
    2    0    0
2.96014430E+00
5.15168840E-01



** Available from the Dirac web site, http://dirac.chem.sdu.dk **