20
  43509701.7685731      0
  9668822.615238467      0
  3222940.871746156         2
  1074313.6239153852         2
  358104.5413051284         2
  119368.18043504281         2
  39789.39347834761         3
  13263.131159449202         3
  4421.043719816401         3
  1473.6812399388002         3
  491.2270799796001         4
  163.74235999320004         4
  54.580786664400016         4
  18.193595554800005         5
  6.064531851600002         7
  2.0215106172000006         7
  0.6738368724000002         6
  0.2246122908000001         4
  0.07487076360000003         2
  0.02495692120000001         2
