20
  87249145.66925745      0
  19388699.037612766      0
  6462899.679204255         2
  2154299.893068085         3
  718099.9643560284         3
  239366.65478534278         3
  79788.88492844759         3
  26596.294976149195         3
  8865.431658716398         3
  2955.143886238799         4
  985.0479620795996         4
  328.3493206931999         4
  109.44977356439996         5
  36.48325785479999         5
  12.161085951599995         5
  4.053695317199998         6
  1.3512317723999994         5
  0.4504105907999998         5
  0.15013686359999992         3
  0.05004562119999997         3
