20
  87249145.66925745      2
  19388699.037612766      2
  6462899.679204255         2
  2154299.893068085         2
  718099.9643560284         2
  239366.65478534278         2
  79788.88492844759         2
  26596.294976149195         2
  8865.431658716398         2
  2955.143886238799         4
  985.0479620795996         4
  328.3493206931999         4
  109.44977356439996         4
  36.48325785479999         4
  12.161085951599995         4
  4.053695317199998         4
  1.3512317723999994         4
  0.4504105907999998         4
  0.15013686359999992         2
  0.05004562119999997         2
