31
  107472153.18100214      2
  26868038.295250535      2
  13434019.147625268         2
  6717009.573812634         2
  3358504.786906317         2
  1679252.3934531584         2
  839626.1967265792         2
  419813.0983632896         2
  209906.5491816448         2
  104953.2745908224         2
  52476.6372954112         2
  26238.3186477056         2
  13119.1593238528         2
  6559.5796619264         4
  3279.7898309632         4
  1639.8949154816         4
  819.9474577408         4
  409.9737288704         4
  204.9868644352         4
  102.4934322176         4
  51.2467161088         4
  25.6233580544         4
  12.8116790272         4
  6.4058395136         4
  3.2029197568         4
  1.6014598784         4
  0.8007299392         4
  0.4003649696         4
  0.2001824848         4
  0.1000912424         2
  0.0500456212         2
