20
  63972145.33092627      0
  14216032.295761393      0
  4738677.431920464         3
  1579559.1439734881         3
  526519.7146578294         3
  175506.5715526098         3
  58502.1905175366         3
  19500.730172512198         4
  6500.2433908374         4
  2166.7477969458         4
  722.2492656486         4
  240.74975521620001         5
  80.24991840540001         5
  26.749972801800002         5
  8.9166576006         7
  2.9722192002         7
  0.9907397334         6
  0.3302465778         5
  0.1100821926         3
  0.0366940642         3
