20
  43509701.7685731      0
  9668822.615238467      0
  3222940.871746156         3
  1074313.6239153852         3
  358104.5413051284         3
  119368.18043504281         3
  39789.39347834761         4
  13263.131159449202         4
  4421.043719816401         4
  1473.6812399388002         4
  491.2270799796001         5
  163.74235999320004         5
  54.580786664400016         5
  18.193595554800005         6
  6.064531851600002         8
  2.0215106172000006         8
  0.6738368724000002         7
  0.2246122908000001         5
  0.07487076360000003         3
  0.02495692120000001         3
