4
   35    0    0
5.24911974E+07
1.39553632E+07
4.74440734E+06
1.78234057E+06
7.33412453E+05
3.19286823E+05
1.46626125E+05
7.00439183E+04
3.47609955E+04
1.78335897E+04
9.49346305E+03
5.27963478E+03
3.16130723E+03
2.08713492E+03
1.36289221E+03
8.50071675E+02
5.49964280E+02
3.60178408E+02
2.27387670E+02
1.34457367E+02
8.23908379E+01
5.05250060E+01
3.30429246E+01
2.21291361E+01
1.44784260E+01
9.35071470E+00
5.68943819E+00
3.26438607E+00
2.08357640E+00
1.25477219E+00
7.81432891E-01
4.54863722E-01
2.64221974E-01
1.37176563E-01
6.14006031E-02
   35    0    0
8.85958919E+07
3.85210836E+07
1.64516561E+07
7.19261901E+06
3.21611493E+06
1.46698725E+06
6.80711749E+05
3.20962760E+05
1.53668391E+05
7.46558964E+04
3.67953739E+04
1.84065184E+04
9.35772192E+03
4.84695318E+03
2.56403755E+03
1.38684653E+03
7.67743193E+02
4.34883152E+02
2.51336173E+02
1.48260944E+02
8.89476072E+01
5.32898726E+01
3.19974406E+01
1.94895519E+01
1.16746630E+01
6.88254306E+00
4.03845438E+00
2.33493378E+00
1.33543728E+00
7.60463468E-01
4.30204003E-01
2.29863045E-01
1.16588245E-01
5.66269622E-02
2.63584306E-02
   24    0    0
1.26167483E+06
2.86623031E+05
8.78557699E+04
3.17917223E+04
1.29058532E+04
5.72578478E+03
2.73182164E+03
1.38169477E+03
7.31698941E+02
4.02355784E+02
2.27480958E+02
1.31508533E+02
7.70380044E+01
4.53880226E+01
2.69940113E+01
1.61142365E+01
9.54570638E+00
5.57377187E+00
3.21004120E+00
1.79994676E+00
9.77276302E-01
5.11396721E-01
2.54685635E-01
1.13037590E-01
   16    0    0
7.29160971E+03
2.32630148E+03
9.60235385E+02
4.51835799E+02
2.30999477E+02
1.24103456E+02
6.91175637E+01
3.91402590E+01
2.24626977E+01
1.28744995E+01
7.24474052E+00
4.00883114E+00
2.15336038E+00
1.09445192E+00
4.82415648E-01
1.72630012E-01
    1    0    0
4.35089970E-01



** Available from the Dirac web site, http://dirac.chem.sdu.dk **