3
   26    0    0
5.27716144E+07
1.40183307E+07
4.75524325E+06
1.77809769E+06
7.23967370E+05
3.09280864E+05
1.37600124E+05
6.28046699E+04
2.92903043E+04
1.38838077E+04
6.68134579E+03
3.26243412E+03
1.62105900E+03
8.13470672E+02
4.19940640E+02
2.22127358E+02
1.18708746E+02
6.48872165E+01
3.27179656E+01
1.85990233E+01
9.06637472E+00
4.96566370E+00
2.04003435E+00
1.01772027E+00
3.16405429E-01
1.20026752E-01
   23    0    0
4.34918164E+07
1.19496194E+07
3.58591482E+06
1.15223503E+06
3.90329429E+05
1.38232687E+05
5.09730225E+04
1.95623370E+04
7.83558761E+03
3.28762007E+03
1.44574490E+03
6.64103144E+02
3.16618543E+02
1.53305357E+02
7.70867381E+01
3.76643092E+01
1.95553550E+01
9.30698171E+00
4.65188068E+00
1.93992868E+00
8.36628356E-01
2.41153965E-01
7.02069403E-02
   17    0    0
7.89160022E+04
1.84439609E+04
5.93073054E+03
2.28492725E+03
9.90628169E+02
4.65712715E+02
2.31443508E+02
1.19601763E+02
6.30468393E+01
3.32158051E+01
1.77974545E+01
9.31155755E+00
4.76967207E+00
2.34357067E+00
1.08804086E+00
4.66643181E-01
1.76404306E-01
   10    0    0
1.42553854E+03
4.73475164E+02
1.98163904E+02
9.19700000E+01
4.49363423E+01
2.25058281E+01
1.12049794E+01
5.42672660E+00
2.49940949E+00
1.01858987E+00



** Available from the Dirac web site, http://dirac.chem.sdu.dk **