3
   30    0    0
5.24889988E+07
1.39543714E+07
4.74358069E+06
1.78166804E+06
7.32722458E+05
3.18633822E+05
1.45993048E+05
6.94599762E+04
3.42022640E+04
1.72910096E+04
8.94571063E+03
4.71426100E+03
2.52535697E+03
1.37351665E+03
7.58243148E+02
4.25652182E+02
2.42332461E+02
1.37789001E+02
8.07284289E+01
4.73171230E+01
2.72987594E+01
1.61036538E+01
9.53793956E+00
5.37576966E+00
2.81508265E+00
1.60876272E+00
8.50489539E-01
3.77207800E-01
1.76056297E-01
7.45114508E-02
   29    0    0
7.11415673E+07
2.65859504E+07
1.00556461E+07
3.95207538E+06
1.60272459E+06
6.67645003E+05
2.84683742E+05
1.24029049E+05
5.51648777E+04
2.50587001E+04
1.16438916E+04
5.54794083E+03
2.71605544E+03
1.36632600E+03
7.05508081E+02
3.72597479E+02
2.00386560E+02
1.10085887E+02
6.08535137E+01
3.34604235E+01
1.88629989E+01
1.03532548E+01
5.60290994E+00
2.93876662E+00
1.49606870E+00
7.10349443E-01
2.87230274E-01
1.13586668E-01
4.14924363E-02
   20    0    0
2.65009693E+05
6.08930872E+04
1.90177994E+04
7.07387721E+03
2.97477279E+03
1.36875066E+03
6.72683772E+02
3.47670328E+02
1.86061290E+02
1.02356352E+02
5.69897818E+01
3.16742822E+01
1.78505096E+01
9.96749831E+00
5.42827413E+00
2.89258948E+00
1.45494095E+00
6.95747515E-01
3.07845519E-01
1.10493343E-01
   13    0    0
2.67532062E+03
8.78563363E+02
3.67616373E+02
1.73125757E+02
8.71530985E+01
4.54292446E+01
2.41497123E+01
1.28473613E+01
6.68598503E+00
3.37378558E+00
1.59718550E+00
6.32105148E-01
2.86933590E-01



** Available from the Dirac web site, http://dirac.chem.sdu.dk **