5
   33    0    0
5.62921598E+07
1.49831249E+07
5.12170923E+06
1.94499820E+06
8.10347516E+05
3.57992758E+05
1.66780957E+05
8.08284304E+04
4.05783323E+04
2.09584274E+04
1.11044126E+04
6.01057244E+03
3.30987097E+03
1.84450874E+03
1.03564083E+03
5.83136204E+02
3.32984556E+02
1.92206159E+02
1.12128447E+02
6.71501597E+01
4.04417268E+01
2.44924759E+01
1.44080197E+01
8.70696546E+00
5.31986510E+00
3.05657755E+00
1.74998803E+00
9.40226402E-01
5.00191715E-01
2.56341757E-01
8.36503211E-02
4.03344002E-02
1.90199863E-02
   29    0    0
5.46186700E+07
1.64778890E+07
5.32454977E+06
1.83758173E+06
6.68114213E+05
2.53969641E+05
1.00460272E+05
4.12677893E+04
1.76068747E+04
7.81349858E+03
3.61021279E+03
1.73514055E+03
8.64113981E+02
4.43728552E+02
2.34462243E+02
1.26809304E+02
7.02635944E+01
3.93880422E+01
2.18761396E+01
1.22911271E+01
6.85899255E+00
3.74707949E+00
1.99474514E+00
9.89464824E-01
4.80599275E-01
2.26397212E-01
8.63933799E-02
3.77224887E-02
1.57784528E-02
   20    0    0
1.22605139E+05
2.87640764E+04
9.27331958E+03
3.57658982E+03
1.55727991E+03
7.38501798E+02
3.72016625E+02
1.96092606E+02
1.06478367E+02
5.92149139E+01
3.31421238E+01
1.83559669E+01
1.02324641E+01
5.63561028E+00
3.02150901E+00
1.56830189E+00
7.67476799E-01
3.18675114E-01
1.24042264E-01
4.48644562E-02
   13    0    0
1.16647528E+03
3.92422322E+02
1.66164216E+02
7.80134070E+01
3.88556962E+01
1.97505905E+01
1.00836059E+01
5.04340624E+00
2.38943814E+00
1.06962531E+00
4.40250464E-01
1.56965216E-01
7.10962040E-02
    4    0    0
3.19431360E+00
9.97569220E-01
1.77916700E-01
1.13164100E-01
    2    0    0
2.17376150E+00
3.72897100E-01



** Available from the Dirac web site, http://dirac.chem.sdu.dk **