6
   37    0    0
5.63033462E+07
1.49888292E+07
5.12597035E+06
1.94796715E+06
8.12671980E+05
3.59925898E+05
1.68644306E+05
8.26713722E+04
4.24009797E+04
2.26908642E+04
1.27320116E+04
7.50018801E+03
4.60310780E+03
2.90447530E+03
1.85307548E+03
1.16081050E+03
7.13400554E+02
4.37532759E+02
2.67528014E+02
1.62794628E+02
9.92254266E+01
6.12742096E+01
3.74373490E+01
2.27730356E+01
1.42857768E+01
8.98484395E+00
5.56637309E+00
3.32717249E+00
2.00352420E+00
1.25513136E+00
7.55306831E-01
4.40906981E-01
2.45247847E-01
1.21176001E-01
6.27466977E-02
3.18493443E-02
1.62703921E-02
   34    0    0
7.88226813E+07
3.02311416E+07
1.16647920E+07
4.68504775E+06
1.94575424E+06
8.32302384E+05
3.65362460E+05
1.64353169E+05
7.56890209E+04
3.56707185E+04
1.72103966E+04
8.51121088E+03
4.32256691E+03
2.25585681E+03
1.20797095E+03
6.61899957E+02
3.70389294E+02
2.10708954E+02
1.21384261E+02
7.11758660E+01
4.19925065E+01
2.46151073E+01
1.44491624E+01
8.51455962E+00
4.95304189E+00
2.82866020E+00
1.58481573E+00
8.54737537E-01
4.49853518E-01
2.34689888E-01
1.15739862E-01
5.62678509E-02
2.67211218E-02
1.26263436E-02
   24    0    0
6.51367502E+05
1.50366436E+05
4.67612123E+04
1.72186940E+04
7.13861115E+03
3.23879369E+03
1.57788375E+03
8.12278690E+02
4.35677484E+02
2.41519418E+02
1.37133608E+02
7.93784028E+01
4.64920270E+01
2.72624889E+01
1.59096045E+01
9.29635069E+00
5.37866296E+00
3.03232953E+00
1.66690011E+00
8.76889539E-01
4.13076712E-01
1.86394333E-01
8.05975848E-02
3.30850561E-02
   15    0    0
2.06562623E+03
6.89557371E+02
2.91207287E+02
1.38841004E+02
7.04827621E+01
3.72988259E+01
2.00130465E+01
1.07851669E+01
5.73035902E+00
2.92692535E+00
1.44020784E+00
6.72388396E-01
2.91937915E-01
1.11574623E-01
6.37342630E-02
    7    0    0
4.55947300E+00
1.72885410E+00
8.78801990E-01
6.18552090E-01
3.78944570E-01
1.32065670E-01
8.40005000E-02
    5    0    0
4.45446620E+00
3.28555530E+00
1.17010940E+00
2.12494080E-01
1.35157100E-01
    2    0    0
2.54086020E+00
4.35870900E-01



** Available from the Dirac web site, http://dirac.chem.sdu.dk **