4
   26    0    0
5.56785612E+07
1.46488299E+07
4.88179861E+06
1.77642887E+06
6.92303605E+05
2.80754455E+05
1.17926504E+05
5.09592423E+04
2.26148721E+04
1.02820544E+04
4.78268970E+03
2.27307167E+03
1.10194122E+03
5.31953084E+02
2.69697126E+02
1.40208246E+02
6.99109081E+01
3.72768860E+01
1.76955258E+01
9.61841660E+00
4.08726911E+00
2.16261458E+00
7.48422326E-01
3.35670018E-01
6.24167116E-02
2.52921412E-02
   23    0    0
2.82514283E+07
6.13230780E+06
1.56984967E+06
4.48291936E+05
1.39418033E+05
4.66459987E+04
1.67182901E+04
6.41773407E+03
2.63489847E+03
1.15010197E+03
5.28012346E+02
2.52317037E+02
1.23679291E+02
6.29860021E+01
3.24766606E+01
1.63370545E+01
8.45209355E+00
3.97812765E+00
1.90872098E+00
7.14398624E-01
2.85269805E-01
6.68477540E-02
2.39157727E-02
   17    0    0
3.77170309E+04
9.11825622E+03
3.05550089E+03
1.22295531E+03
5.46784712E+02
2.63195664E+02
1.33003830E+02
6.95014592E+01
3.68154333E+01
1.93475195E+01
1.02154070E+01
5.26505992E+00
2.65105706E+00
1.25809857E+00
5.00817203E-01
1.82303845E-01
5.93318928E-02
   12    0    0
6.49674222E+02
2.19288206E+02
9.15947514E+01
4.19904075E+01
1.99111605E+01
9.47527120E+00
4.32658158E+00
1.85559534E+00
7.24462221E-01
2.40125807E-01
1.11777526E-01
7.10962040E-02
    2    0    0
1.88203470E+00
3.22852900E-01



** Available from the Dirac web site, http://dirac.chem.sdu.dk **