4
   26    0    0
5.53035294E+07
1.45689782E+07
4.86623646E+06
1.77625243E+06
6.94915314E+05
2.82894842E+05
1.19250146E+05
5.16868477E+04
2.29946564E+04
1.04751349E+04
4.87987968E+03
2.32197211E+03
1.12684475E+03
5.44899616E+02
2.76419920E+02
1.43836383E+02
7.19464791E+01
3.83939862E+01
1.82640323E+01
9.95838814E+00
4.26233209E+00
2.25251642E+00
7.81675588E-01
3.48719412E-01
6.39271333E-02
2.58004254E-02
   23    0    0
2.87797864E+07
6.31274356E+06
1.62673876E+06
4.66621522E+05
1.45532907E+05
4.87617614E+04
1.74775610E+04
6.70135786E+03
2.74600535E+03
1.19599040E+03
5.47942842E+02
2.61380058E+02
1.27996290E+02
6.51134646E+01
3.35576135E+01
1.68784464E+01
8.74252139E+00
4.12553744E+00
1.97843256E+00
7.40330120E-01
2.94075516E-01
6.87988474E-02
2.44113983E-02
   17    0    0
3.91882103E+04
9.45568714E+03
3.16177466E+03
1.26315473E+03
5.63954817E+02
2.71173883E+02
1.36938066E+02
7.15262309E+01
3.78812013E+01
1.99105147E+01
1.05231910E+01
5.42788571E+00
2.73317909E+00
1.29464746E+00
5.09686247E-01
1.84036909E-01
5.94096726E-02
   12    0    0
6.70434212E+02
2.26183371E+02
9.44796270E+01
4.33334011E+01
2.05679928E+01
9.80986873E+00
4.49065784E+00
1.94093174E+00
7.64434976E-01
2.56036440E-01
1.15929781E-01
6.78857860E-02
    2    0    0
2.06886770E+00
3.51389960E-01



** Available from the Dirac web site, http://dirac.chem.sdu.dk **