6
   37    0    0
5.58526459E+07
1.48674229E+07
5.08174104E+06
1.92961713E+06
8.04497446E+05
3.56270500E+05
1.66971220E+05
8.18118952E+04
4.19104772E+04
2.24352079E+04
1.26577729E+04
7.52452175E+03
4.61301814E+03
2.83568534E+03
1.73468591E+03
1.06106574E+03
6.59824648E+02
4.31540220E+02
2.75072399E+02
1.66483532E+02
9.74770087E+01
5.99569671E+01
3.64417669E+01
2.25179162E+01
1.41202852E+01
8.91478991E+00
5.53002477E+00
3.35508626E+00
2.01842384E+00
1.23174587E+00
7.66826612E-01
4.62403784E-01
2.62240841E-01
1.27081563E-01
6.72790566E-02
3.47764069E-02
1.78584819E-02
   34    0    0
7.81114135E+07
2.99835187E+07
1.15857774E+07
4.65919661E+06
1.93700683E+06
8.29099893E+05
3.64115731E+05
1.63832084E+05
7.54479310E+04
3.55501022E+04
1.71480120E+04
8.48072115E+03
4.30770008E+03
2.24841560E+03
1.20426179E+03
6.60101605E+02
3.69544411E+02
2.10284684E+02
1.21167195E+02
7.11282022E+01
4.19659281E+01
2.45891390E+01
1.45010393E+01
8.57279639E+00
5.01131996E+00
2.88203146E+00
1.62650478E+00
8.79265221E-01
4.65943311E-01
2.42872327E-01
1.17008183E-01
5.68335489E-02
2.71451095E-02
1.29386157E-02
   24    0    0
6.43338014E+05
1.48360185E+05
4.62236933E+04
1.70358688E+04
7.06525220E+03
3.20689528E+03
1.56257973E+03
8.04304613E+02
4.31636891E+02
2.39595924E+02
1.36188283E+02
7.88938631E+01
4.61809178E+01
2.70513184E+01
1.58239804E+01
9.26713496E+00
5.37347264E+00
3.04058528E+00
1.67576338E+00
8.83203942E-01
4.15461227E-01
1.86604539E-01
8.03196919E-02
3.28515215E-02
   16    0    0
2.33836715E+03
7.78071852E+02
3.28229122E+02
1.56580210E+02
7.96909925E+01
4.23470164E+01
2.28811650E+01
1.24403042E+01
6.69566667E+00
3.49317605E+00
1.76338098E+00
8.50176636E-01
3.84210458E-01
1.53924181E-01
9.65012960E-02
5.65089200E-02
    7    0    0
5.03616670E+00
1.98750870E+00
9.94726470E-01
7.48934650E-01
4.11511690E-01
1.39324170E-01
8.15850000E-02
    5    0    0
4.52959600E+00
3.45690450E+00
1.22634630E+00
2.17471630E-01
1.27346330E-01
    2    0    0
2.85034650E+00
4.84121410E-01



** Available from the Dirac web site, http://dirac.chem.sdu.dk **