5
   33    0    0
5.58441596E+07
1.48631179E+07
5.07912820E+06
1.92769409E+06
8.02749050E+05
3.54581034E+05
1.65244836E+05
8.01731383E+04
4.03672899E+04
2.09493017E+04
1.11609977E+04
6.06698756E+03
3.34346190E+03
1.85677712E+03
1.03610188E+03
5.78416766E+02
3.27830857E+02
1.87937347E+02
1.09016403E+02
6.53371353E+01
3.91531437E+01
2.35033688E+01
1.41504115E+01
8.54434307E+00
5.00934329E+00
2.89887018E+00
1.62474703E+00
9.07876922E-01
4.88748634E-01
2.57536739E-01
1.00679291E-01
4.72455971E-02
2.20619682E-02
   29    0    0
5.51929286E+07
1.68361051E+07
5.48286746E+06
1.90405134E+06
6.95769232E+05
2.65546729E+05
1.05364281E+05
4.33760194E+04
1.85285392E+04
8.22467858E+03
3.79833598E+03
1.82384648E+03
9.07314862E+02
4.65420452E+02
2.45762756E+02
1.32908897E+02
7.36156121E+01
4.13007923E+01
2.29821011E+01
1.29357266E+01
7.24417320E+00
3.97092005E+00
2.12372313E+00
1.06361077E+00
5.22401021E-01
2.47680502E-01
9.52953523E-02
4.09585763E-02
1.69942712E-02
   20    0    0
1.26465200E+05
2.96447235E+04
9.54283975E+03
3.67444308E+03
1.59745603E+03
7.56549749E+02
3.80686072E+02
2.00469836E+02
1.08767432E+02
6.04431086E+01
3.38095070E+01
1.87212952E+01
1.04380046E+01
5.74798401E+00
3.07930164E+00
1.59357724E+00
7.75179783E-01
3.21006440E-01
1.24249461E-01
4.46790235E-02
   13    0    0
1.30171153E+03
4.37285426E+02
1.85104821E+02
8.71514299E+01
4.35830648E+01
2.23204897E+01
1.15134859E+01
5.85016847E+00
2.83084639E+00
1.30469650E+00
5.59067822E-01
2.10198555E-01
6.78857860E-02
    4    0    0
3.58891550E+00
1.16469100E+00
1.80836090E-01
1.05893410E-01
    2    0    0
2.43969330E+00
4.14373400E-01



** Available from the Dirac web site, http://dirac.chem.sdu.dk **