4
   26    0    0
5.46008064E+07
1.44455366E+07
4.86315961E+06
1.79538873E+06
7.13285663E+05
2.95048686E+05
1.26307126E+05
5.54788153E+04
2.49574957E+04
1.14693418E+04
5.37902284E+03
2.57245101E+03
1.25420547E+03
6.11244501E+02
3.10864895E+02
1.62420167E+02
8.25545695E+01
4.42408416E+01
2.12532159E+01
1.17492885E+01
5.19940205E+00
2.72611557E+00
9.55527112E-01
4.16732341E-01
7.22736273E-02
2.85589342E-02
   23    0    0
3.18435822E+07
7.33654621E+06
1.95073147E+06
5.71701332E+05
1.80783535E+05
6.10025956E+04
2.18751013E+04
8.33995648E+03
3.38380561E+03
1.45702092E+03
6.60197307E+02
3.11941983E+02
1.51912518E+02
7.67886117E+01
3.94548215E+01
1.98117853E+01
1.03067870E+01
4.90602302E+00
2.34010627E+00
8.72569344E-01
3.38132375E-01
7.97828498E-02
2.70023934E-02
   17    0    0
4.69495180E+04
1.12271262E+04
3.71548952E+03
1.47091176E+03
6.52021119E+02
3.11832383E+02
1.56871661E+02
8.17352518E+01
4.32299560E+01
2.27271888E+01
1.20603494E+01
6.23374274E+00
3.12881499E+00
1.46518511E+00
5.42707692E-01
1.86317213E-01
5.71726908E-02
   12    0    0
7.80592272E+02
2.62638274E+02
1.09702900E+02
5.04199638E+01
2.40431793E+01
1.15969320E+01
5.38930495E+00
2.38355037E+00
9.62286129E-01
3.31565865E-01
1.40087170E-01
6.25638570E-02
    2    0    0
2.81826720E+00
4.92219890E-01



** Available from the Dirac web site, http://dirac.chem.sdu.dk **