6
   37    0    0
5.49148330E+07
1.46129268E+07
4.98839145E+06
1.88951190E+06
7.85520058E+05
3.46579538E+05
1.61782117E+05
7.89349361E+04
4.02219267E+04
2.13237188E+04
1.18560943E+04
7.07519762E+03
4.61289079E+03
2.97911861E+03
1.82915657E+03
1.11461723E+03
7.04386554E+02
4.62648695E+02
2.99738483E+02
1.85496776E+02
1.11232230E+02
6.89054156E+01
4.24133650E+01
2.71962723E+01
1.73424477E+01
1.12265177E+01
7.11668679E+00
4.24512050E+00
2.51054933E+00
1.45186196E+00
8.76555623E-01
5.24763016E-01
2.96825921E-01
1.43417824E-01
7.29999365E-02
3.63362742E-02
1.81099364E-02
   34    0    0
7.83480962E+07
3.04892784E+07
1.19124202E+07
4.82894604E+06
2.01851678E+06
8.67443065E+05
3.82093533E+05
1.72182657E+05
7.92758498E+04
3.72920740E+04
1.79401600E+04
8.84175445E+03
4.47241657E+03
2.32443739E+03
1.24054914E+03
6.78558279E+02
3.79630962E+02
2.16053450E+02
1.24644462E+02
7.34479976E+01
4.33755175E+01
2.55152166E+01
1.52911862E+01
9.12154030E+00
5.34015689E+00
3.07220401E+00
1.71857840E+00
9.20095976E-01
4.81840364E-01
2.49048311E-01
1.19478326E-01
5.77787334E-02
2.73946800E-02
1.29433662E-02
   24    0    0
8.65406368E+05
1.98633280E+05
6.13799664E+04
2.23352853E+04
9.13906179E+03
4.10029828E+03
1.97584570E+03
1.00664754E+03
5.35592807E+02
2.95182556E+02
1.66869200E+02
9.62014768E+01
5.61735680E+01
3.29024766E+01
1.92192277E+01
1.12536601E+01
6.51160970E+00
3.66370538E+00
1.99866383E+00
1.03671908E+00
4.67292507E-01
2.00003111E-01
8.19072332E-02
3.18672934E-02
   16    0    0
2.56984926E+03
8.51243291E+02
3.58096299E+02
1.70464541E+02
8.66153644E+01
4.59627662E+01
2.47957367E+01
1.34999113E+01
7.28741953E+00
3.81351995E+00
1.92363237E+00
9.21316945E-01
4.11222566E-01
1.62456377E-01
1.14083990E-01
5.09506700E-02
    6    0    0
6.34685120E+00
2.55221410E+00
9.49770120E-01
4.41196010E-01
1.46118380E-01
6.52574300E-02
    4    0    0
4.65880780E+00
1.73885280E+00
2.48913470E-01
1.11166410E-01
    2    0    0
3.56803830E+00
6.23170000E-01



** Available from the Dirac web site, http://dirac.chem.sdu.dk **