5
   33    0    0
5.49060392E+07
1.46094491E+07
4.98594471E+06
1.88767056E+06
7.83846345E+05
3.45055321E+05
1.60277272E+05
7.74937684E+04
3.88653088E+04
2.00860346E+04
1.06706802E+04
5.80399296E+03
3.22182318E+03
1.81446771E+03
1.03036952E+03
5.84672492E+02
3.35939734E+02
1.94365650E+02
1.12069354E+02
6.73296179E+01
3.99529409E+01
2.34273171E+01
1.44311209E+01
8.83219100E+00
5.19078335E+00
3.11981105E+00
1.86092168E+00
1.06777044E+00
5.83558568E-01
3.00945546E-01
9.77142933E-02
4.58654914E-02
2.12479606E-02
   29    0    0
5.79185746E+07
1.83831193E+07
6.15700389E+06
2.18614554E+06
8.13053716E+05
3.14601043E+05
1.26098997E+05
5.22541295E+04
2.23846216E+04
9.92821802E+03
4.56750774E+03
2.18070030E+03
1.07792821E+03
5.49444208E+02
2.88512877E+02
1.55328580E+02
8.56478710E+01
4.78650006E+01
2.65498093E+01
1.49674812E+01
8.38877202E+00
4.59280951E+00
2.43214303E+00
1.19291890E+00
5.69962943E-01
2.63399269E-01
9.96952321E-02
4.21490641E-02
1.71439074E-02
   20    0    0
1.43192153E+05
3.34027634E+04
1.06782899E+04
4.08148443E+03
1.76254032E+03
8.29758925E+02
4.15449476E+02
2.17817781E+02
1.17760188E+02
6.52087541E+01
3.63802816E+01
2.01544994E+01
1.12447932E+01
6.17764830E+00
3.28382301E+00
1.66577594E+00
7.71709634E-01
3.13403070E-01
1.17767873E-01
4.11111798E-02
   13    0    0
1.42253581E+03
4.75914532E+02
2.01045286E+02
9.44388646E+01
4.71512476E+01
2.40912700E+01
1.24317173E+01
6.31267542E+00
3.07740716E+00
1.41901789E+00
6.02612937E-01
2.23138299E-01
6.25638570E-02
    4    0    0
4.59942110E+00
1.50321850E+00
2.04672070E-01
9.14079020E-02
    2    0    0
3.14533370E+00
5.49343200E-01



** Available from the Dirac web site, http://dirac.chem.sdu.dk **