3
   15    0    0
1.63169276E+06
1.98061435E+05
3.90449256E+04
9.95826795E+03
2.99949339E+03
1.01664042E+03
3.76620883E+02
1.49845945E+02
6.26291290E+01
2.00793207E+01
8.40226850E+00
2.34753759E+00
9.31195123E-01
1.24219131E-01
4.54670077E-02
   11    0    0
2.92826743E+03
6.23865315E+02
1.90349794E+02
6.89770932E+01
2.73783918E+01
1.14031561E+01
4.56159224E+00
1.89390789E+00
7.43578317E-01
1.42972100E-01
4.20428236E-02
    6    0    0
6.41679402E+01
1.83582327E+01
6.41084226E+00
2.36718561E+00
8.30218453E-01
2.55517128E-01
    2    0    0
2.23165872E+00
3.69000695E-01



** Available from the Dirac web site, http://dirac.chem.sdu.dk **