5
   30    0    0
1.09197104E+08
2.69684127E+07
8.36036599E+06
2.87096299E+06
1.07009700E+06
4.23082280E+05
1.75972466E+05
7.65895577E+04
3.46834587E+04
1.62607403E+04
7.86530678E+03
3.91383136E+03
1.99814390E+03
1.04314919E+03
5.54799890E+02
2.99622799E+02
1.63865136E+02
9.04090624E+01
4.99561822E+01
2.68639019E+01
1.48223526E+01
8.22332540E+00
4.50303747E+00
2.37642118E+00
1.23336227E+00
6.19068652E-01
2.16146945E-01
1.13777978E-01
5.49565076E-02
2.62930508E-02
   20    0    0
4.66107891E+05
6.93196652E+04
1.59217515E+04
4.76166541E+03
1.70256793E+03
6.87650517E+02
3.02620406E+02
1.41811754E+02
6.97011401E+01
3.53982339E+01
1.83900888E+01
9.69925808E+00
5.07693623E+00
2.60490016E+00
1.30521505E+00
6.34826532E-01
2.60003312E-01
1.15228523E-01
5.02977843E-02
2.18841512E-02
   12    0    0
7.06112917E+02
2.07202425E+02
7.93763309E+01
3.47474506E+01
1.62861892E+01
7.99853088E+00
4.02973032E+00
2.02514731E+00
9.98577656E-01
4.77862774E-01
2.18853796E-01
9.32502144E-02
    4    0    0
6.86729740E+00
2.20164704E+00
6.91306950E-01
2.17067173E-01
    3    0    0
4.51557269E+00
1.29351188E+00
3.70533949E-01
    2    0    0
3.00829707E+00
8.61744073E-01



** Available from the Dirac web site, http://dirac.chem.sdu.dk **