4
   23    0    0
4.82208420E+07
7.60689663E+06
1.66556157E+06
4.40045266E+05
1.33492420E+05
4.50240882E+04
1.65252510E+04
6.49736454E+03
2.70447802E+03
1.18087479E+03
5.36842904E+02
2.52536934E+02
1.22187448E+02
5.99779196E+01
2.76719203E+01
1.39162442E+01
6.98935242E+00
3.18724669E+00
1.52371795E+00
6.90892247E-01
1.65899197E-01
7.48969406E-02
3.24642912E-02
   16    0    0
3.59453363E+04
6.13605026E+03
1.66600602E+03
5.69761164E+02
2.23382073E+02
9.58468781E+01
4.36872923E+01
2.06576162E+01
9.99719354E+00
4.78728981E+00
2.31316779E+00
1.10744066E+00
5.18748049E-01
1.74786653E-01
6.76104080E-02
2.64373645E-02
    9    0    0
2.24929513E+02
6.65297567E+01
2.51294715E+01
1.05166101E+01
4.67412190E+00
2.08822889E+00
9.04794544E-01
3.70969286E-01
1.38050186E-01
    3    0    0
4.33463515E+00
1.14352792E+00
3.01676166E-01
    2    0    0
2.51620257E+00
6.63803944E-01



** Available from the Dirac web site, http://dirac.chem.sdu.dk **