19
  29404582.496183515      0
  6534351.665818558      0
  2178117.2219395195         2
  726039.0739798398         2
  242013.0246599466         2
  80671.00821998219         2
  26890.3360733274         3
  8963.4453577758         3
  2987.8151192585997         3
  995.9383730861999         3
  331.97945769539996         4
  110.65981923179999         4
  36.886606410599995         4
  12.295535470199999         4
  4.0985118234         6
  1.3661706078         6
  0.4553902026         4
  0.1517967342         3
  0.0505989114         3
