20
  73072334.62279889      0
  16238296.582844198      0
  5412765.527614732         2
  1804255.1758715773         2
  601418.3919571924         3
  200472.79731906415         3
  66824.26577302138         3
  22274.755257673794         3
  7424.918419224598         3
  2474.9728064081996         3
  824.9909354693999         4
  274.9969784898         4
  91.66565949659999         4
  30.555219832199995         4
  10.185073277399999         5
  3.3950244257999995         7
  1.1316748086         6
  0.37722493619999997         5
  0.1257416454         3
  0.0419138818         3
