20
  73072334.62279889      0
  16238296.582844198      0
  5412765.527614732         1
  1804255.1758715773         1
  601418.3919571924         2
  200472.79731906415         2
  66824.26577302138         2
  22274.755257673794         2
  7424.918419224598         2
  2474.9728064081996         2
  824.9909354693999         3
  274.9969784898         3
  91.66565949659999         3
  30.555219832199995         3
  10.185073277399999         4
  3.3950244257999995         6
  1.1316748086         5
  0.37722493619999997         4
  0.1257416454         2
  0.0419138818         2
