25
  2688146.0363329537      2
  672036.5090832384      2
  336018.2545416192         2
  168009.1272708096         2
  84004.5636354048         2
  42002.2818177024         2
  21001.1409088512         2
  10500.5704544256         2
  5250.2852272128         2
  2625.1426136064         2
  1312.5713068032         2
  656.2856534016         2
  328.1428267008         2
  164.0714133504         2
  82.0357066752         4
  41.0178533376         4
  20.5089266688         4
  10.2544633344         4
  5.1272316672         4
  2.5636158336         4
  1.2818079168         4
  0.6409039584         4
  0.3204519792         2
  0.1602259896         2
  0.0801129948         2
