4
   32    0    0
5.36872902E+07
1.42811840E+07
4.86605883E+06
1.83622803E+06
7.59351143E+05
3.32474527E+05
1.53415223E+05
7.35333654E+04
3.64576553E+04
1.85579856E+04
9.67819741E+03
5.16023880E+03
2.81291978E+03
1.56655260E+03
8.91132504E+02
5.17373067E+02
3.06352626E+02
1.84944998E+02
1.15732127E+02
7.22388752E+01
4.40772245E+01
2.50374395E+01
1.52643219E+01
9.14262214E+00
5.23480146E+00
2.97264953E+00
1.55993640E+00
8.41166892E-01
4.36077369E-01
1.88745592E-01
8.59103837E-02
3.88087935E-02
   29    0    0
6.19248649E+07
2.07982421E+07
7.25795973E+06
2.66478908E+06
1.01876890E+06
4.03180388E+05
1.64512552E+05
6.90788619E+04
2.98382479E+04
1.32753124E+04
6.09688395E+03
2.89565197E+03
1.42137542E+03
7.19168594E+02
3.73782311E+02
1.98974808E+02
1.08785039E+02
6.07955197E+01
3.40081892E+01
1.93170999E+01
1.09952704E+01
6.09926887E+00
3.29272410E+00
1.68544740E+00
8.47433877E-01
4.00582341E-01
1.59697016E-01
6.23683478E-02
2.37303511E-02
   20    0    0
1.85077164E+05
4.28714110E+04
1.35610367E+04
5.12222569E+03
2.18736181E+03
1.02006516E+03
5.06863079E+02
2.64205986E+02
1.42248407E+02
7.85540502E+01
4.37891084E+01
2.43027750E+01
1.36198606E+01
7.52815906E+00
4.02927918E+00
2.07405902E+00
9.73219523E-01
4.38884727E-01
1.84590721E-01
7.11874627E-02
   14    0    0
2.54320043E+03
8.39986411E+02
3.52566820E+02
1.67055722E+02
8.44754123E+01
4.44469073E+01
2.37724964E+01
1.28056645E+01
6.80189342E+00
3.48613058E+00
1.70216723E+00
7.60118968E-01
2.57443342E-01
8.04397480E-02
    2    0    0
5.11364280E-01
1.59778900E-01



** Available from the Dirac web site, http://dirac.chem.sdu.dk **