5
   36    0    0
5.38087103E+07
1.43139197E+07
4.87782538E+06
1.84111335E+06
7.61848488E+05
3.33990973E+05
1.54553752E+05
7.44845948E+04
3.73128282E+04
1.93232282E+04
1.03689590E+04
5.83424485E+03
3.66344976E+03
2.51394996E+03
1.55986729E+03
9.26949080E+02
5.60157935E+02
3.43095111E+02
2.10472302E+02
1.27587615E+02
8.00911078E+01
4.99699561E+01
3.11152246E+01
2.04652189E+01
1.34468406E+01
8.86593700E+00
5.56826804E+00
3.41276143E+00
1.96206854E+00
1.16914142E+00
6.77732332E-01
3.87008918E-01
2.12977038E-01
1.13874394E-01
5.98853433E-02
3.06599422E-02
   35    0    0
8.41601473E+07
3.48617304E+07
1.42984620E+07
6.04319189E+06
2.62300194E+06
1.16607723E+06
5.29355507E+05
2.44932956E+05
1.15345912E+05
5.52616083E+04
2.69469722E+04
1.33900382E+04
6.79148775E+03
3.52197827E+03
1.86895872E+03
1.01400605E+03
5.61833948E+02
3.16923472E+02
1.81504336E+02
1.05968761E+02
6.27000998E+01
3.71348935E+01
2.22332955E+01
1.34606879E+01
8.03222188E+00
4.70235819E+00
2.70870426E+00
1.51413153E+00
8.37775950E-01
4.53127761E-01
2.37188036E-01
1.20757112E-01
6.09607425E-02
3.06835377E-02
1.50505939E-02
   24    0    0
8.25732048E+05
1.89078310E+05
5.84946964E+04
2.14028198E+04
8.80448289E+03
3.96415629E+03
1.91822076E+03
9.82038620E+02
5.25146118E+02
2.90835205E+02
1.65091372E+02
9.56504142E+01
5.58649512E+01
3.25906629E+01
1.92134884E+01
1.13006066E+01
6.53680661E+00
3.70242904E+00
2.03655314E+00
1.06490529E+00
5.37740289E-01
2.59755195E-01
1.19616704E-01
5.17587366E-02
   16    0    0
4.62593619E+03
1.50308567E+03
6.27380568E+02
2.97454580E+02
1.52170465E+02
8.15651511E+01
4.50388945E+01
2.51911949E+01
1.41969507E+01
7.92526591E+00
4.28057634E+00
2.21417901E+00
1.06796329E+00
4.56898773E-01
1.85350008E-01
5.79137450E-02
    4    0    0
1.69096900E+00
8.88770160E-01
3.03980800E-01
9.49806610E-02
    2    0    0
5.68596620E-01
1.77661490E-01



** Available from the Dirac web site, http://dirac.chem.sdu.dk **