3
   26    0    0
5.35507027E+07
1.42096203E+07
4.81119463E+06
1.79281032E+06
7.23213634E+05
3.04642763E+05
1.33004164E+05
5.95005647E+04
2.72065853E+04
1.26736090E+04
6.00960469E+03
2.89920235E+03
1.42453388E+03
7.02677528E+02
3.59352881E+02
1.88793509E+02
9.77078898E+01
5.27077928E+01
2.58001806E+01
1.44518524E+01
6.70497740E+00
3.56714132E+00
1.34341918E+00
6.32066161E-01
1.54841657E-01
5.72318509E-02
   23    0    0
3.64627625E+07
9.03618643E+06
2.52304015E+06
7.66526409E+05
2.48719085E+05
8.53449741E+04
3.08438764E+04
1.17442208E+04
4.72355251E+03
2.00813869E+03
8.98047401E+02
4.19645910E+02
2.03619418E+02
1.01941261E+02
5.23942117E+01
2.61849525E+01
1.37230328E+01
6.58445536E+00
3.21433762E+00
1.29071547E+00
5.38665291E-01
1.60340451E-01
4.43052815E-02
   16    0    0
3.85490615E+04
9.23775108E+03
3.06498329E+03
1.21487971E+03
5.37570307E+02
2.56174264E+02
1.27896664E+02
6.58024740E+01
3.39371084E+01
1.76820146E+01
9.09330790E+00
4.56779144E+00
2.16975636E+00
8.58625839E-01
3.26583722E-01
1.08697774E-01
   12    0    0
1.35744006E+03
4.52790127E+02
1.90587875E+02
8.88963896E+01
4.38843044E+01
2.21435319E+01
1.12322035E+01
5.54647777E+00
2.61453156E+00
1.14948649E+00
4.36150229E-01
1.36277810E-01



** Available from the Dirac web site, http://dirac.chem.sdu.dk **