4
   33    0    0
5.80130752E+07
1.54430109E+07
5.28527623E+06
2.01211496E+06
8.40746453E+05
3.72650286E+05
1.73976674E+05
8.42856534E+04
4.21022382E+04
2.15066737E+04
1.11928839E+04
5.91718825E+03
3.17278903E+03
1.72293861E+03
9.46064158E+02
5.23220851E+02
2.95849893E+02
1.69798398E+02
9.87142783E+01
5.82685558E+01
3.49922667E+01
2.10207642E+01
1.21649208E+01
7.28637531E+00
4.35874102E+00
2.44751973E+00
1.38878150E+00
7.54856070E-01
4.07471016E-01
2.12815869E-01
8.08049053E-02
3.92750818E-02
1.86719733E-02
   29    0    0
5.11255540E+07
1.45856074E+07
4.53380650E+06
1.51794135E+06
5.38938665E+05
2.01148276E+05
7.85152079E+04
3.19868707E+04
1.36049147E+04
6.04765670E+03
2.80880746E+03
1.35945386E+03
6.82020531E+02
3.52689653E+02
1.87354512E+02
1.01626231E+02
5.65040931E+01
3.17132433E+01
1.76021024E+01
9.83973173E+00
5.44995537E+00
2.95903323E+00
1.57951001E+00
7.97519606E-01
3.99213151E-01
1.93619252E-01
7.73047442E-02
3.45197369E-02
1.48467776E-02
   20    0    0
9.51223994E+04
2.25021563E+04
7.33957348E+03
2.86503427E+03
1.26081628E+03
6.03127572E+02
3.05893670E+02
1.62060169E+02
8.82921372E+01
4.91988131E+01
2.75439015E+01
1.52232301E+01
8.43462682E+00
4.61006288E+00
2.45250007E+00
1.27425477E+00
6.30663686E-01
2.63749498E-01
1.05242310E-01
3.92731817E-02
   13    0    0
1.59681734E+03
5.37457893E+02
2.27831661E+02
1.08705579E+02
5.50681562E+01
2.90070696E+01
1.54306286E+01
8.18204144E+00
4.21341358E+00
2.00694265E+00
4.14803499E-01
9.29253480E-02
6.24908020E-02
    2    0    0
1.38719010E-01
9.71390100E-02



** Available from the Dirac web site, http://dirac.chem.sdu.dk **