5
   37    0    0
5.80202742E+07
1.54464592E+07
5.28761127E+06
2.01371899E+06
8.42188307E+05
3.74055043E+05
1.75473091E+05
8.58233927E+04
4.36234795E+04
2.28913466E+04
1.23458536E+04
6.80679151E+03
3.83149075E+03
2.20364944E+03
1.29574793E+03
7.77677624E+02
4.77300176E+02
2.98428049E+02
1.93422674E+02
1.26166159E+02
7.82752542E+01
4.94728250E+01
3.04247877E+01
1.84454414E+01
1.13133537E+01
6.95616588E+00
4.30320889E+00
2.55760861E+00
1.55319182E+00
9.46705394E-01
5.37078420E-01
3.05913530E-01
1.68320789E-01
1.05982054E-01
5.40771912E-02
2.86954082E-02
1.51170037E-02
   34    0    0
7.36145030E+07
2.64143714E+07
9.68598246E+06
3.72139029E+06
1.48658349E+06
6.15271843E+05
2.62707875E+05
1.15439132E+05
5.21545648E+04
2.42416267E+04
1.16112578E+04
5.73784206E+03
2.92396213E+03
1.53393343E+03
8.26293088E+02
4.55974342E+02
2.57363771E+02
1.47689584E+02
8.57906880E+01
5.09138577E+01
3.02362552E+01
1.77799667E+01
1.05330298E+01
6.20047439E+00
3.57509551E+00
2.04810085E+00
1.15896910E+00
6.43984762E-01
3.50646217E-01
1.89227372E-01
9.59659756E-02
4.77352098E-02
2.34466199E-02
1.14627566E-02
   24    0    0
4.98250918E+05
1.14879827E+05
3.61822482E+04
1.35029116E+04
5.68440420E+03
2.61235542E+03
1.28362473E+03
6.64760453E+02
3.58359085E+02
1.99522492E+02
1.13584187E+02
6.57797989E+01
3.84732781E+01
2.24776514E+01
1.30216060E+01
7.53172868E+00
4.30013755E+00
2.39580070E+00
1.31216782E+00
6.93027968E-01
3.34512627E-01
1.55270296E-01
6.90390383E-02
2.92306482E-02
   17    0    0
3.30786201E+03
1.09156676E+03
4.61380888E+02
2.20367540E+02
1.13763249E+02
6.13094419E+01
3.41069620E+01
1.91927299E+01
1.08124309E+01
6.02143994E+00
3.24753991E+00
1.61242614E+00
8.67144650E-01
4.73082150E-01
1.50442450E-01
7.97408018E-02
5.58390840E-02
    4    0    0
7.34557120E-01
3.30652890E-01
1.11090300E-01
7.77918020E-02
    2    0    0
1.66219340E-01
1.16396320E-01



** Available from the Dirac web site, http://dirac.chem.sdu.dk **