3
   26    0    0
5.68359352E+07
1.48003275E+07
4.84916420E+06
1.72744755E+06
6.57067417E+05
2.60505576E+05
1.07242240E+05
4.55813565E+04
1.99601918E+04
8.98229707E+03
4.14606236E+03
1.95939680E+03
9.45216934E+02
4.51987204E+02
2.28593072E+02
1.18308995E+02
5.81287834E+01
3.08497970E+01
1.44622532E+01
7.69990002E+00
3.13134472E+00
1.65484495E+00
5.56773494E-01
2.65001922E-01
6.11047347E-02
2.51205419E-02
   23    0    0
2.45858682E+07
5.01630527E+06
1.23624650E+06
3.44324706E+05
1.05486952E+05
3.50729469E+04
1.25982069E+04
4.88109482E+03
2.03047146E+03
8.98564763E+02
4.17800181E+02
2.01754681E+02
9.94533658E+01
5.09713519E+01
2.63434530E+01
1.32746941E+01
6.80989159E+00
3.14270819E+00
1.50327648E+00
5.64401774E-01
2.36967784E-01
5.99445949E-02
2.21393873E-02
   17    0    0
2.91019273E+04
7.12867857E+03
2.42245793E+03
9.80948811E+02
4.42380164E+02
2.14268761E+02
1.08678409E+02
5.68995225E+01
3.01295146E+01
1.57867423E+01
8.26322713E+00
4.21373081E+00
2.09944137E+00
9.97631255E-01
4.17899678E-01
1.55437475E-01
5.17278694E-02
   10    0    0
7.51846677E+02
2.54273440E+02
1.07499834E+02
4.99396163E+01
2.43990871E+01
1.20202317E+01
5.81485987E+00
2.60681354E+00
8.92397641E-02
6.24908020E-02



** Available from the Dirac web site, http://dirac.chem.sdu.dk **