19
  47680664.16699879      0
  10595703.148221953      0
  3531901.049407318         3
  1177300.3498024393         3
  392433.4499341464         3
  130811.14997804881         3
  43603.7166593496         4
  14534.5722197832         4
  4844.8574065944         4
  1614.9524688648         5
  538.3174896216         5
  179.43916320719998         5
  59.81305440239999         5
  19.937684800799996         5
  6.645894933599998         5
  2.2152983111999993         5
  0.7384327703999998         5
  0.24614425679999993         5
  0.08204808559999997         3
