20
  49638850.88733524      0
  11030855.752741165      0
  3676951.9175803885         3
  1225650.639193463         4
  408550.2130644876         4
  136183.4043548292         4
  45394.468118276396         4
  15131.489372758799         4
  5043.8297909196         5
  1681.2765969732         5
  560.4255323244         5
  186.8085107748         5
  62.2695035916         5
  20.7565011972         5
  6.9188337323999995         5
  2.3062779108         6
  0.7687593036         7
  0.2562531012         6
  0.0854177004         4
  0.0284725668         3
