19
  47680664.16699879      2
  10595703.148221953      2
  3531901.049407318         2
  1177300.3498024393         2
  392433.4499341464         2
  130811.14997804881         2
  43603.7166593496         4
  14534.5722197832         4
  4844.8574065944         4
  1614.9524688648         4
  538.3174896216         4
  179.43916320719998         4
  59.81305440239999         4
  19.937684800799996         4
  6.645894933599998         4
  2.2152983111999993         4
  0.7384327703999998         4
  0.24614425679999993         4
  0.08204808559999997         2
