20
  77133906.01798587      0
  17140868.00399686      0
  5713622.667998954         3
  1904540.8893329846         3
  634846.9631109949         3
  211615.65437033164         4
  70538.55145677722         4
  23512.850485592407         4
  7837.616828530802         4
  2612.5389428436006         5
  870.8463142812002         5
  290.28210476040005         5
  96.76070158680001         5
  32.253567195600006         5
  10.751189065200002         5
  3.5837296884000005         5
  1.1945765628000002         5
  0.3981921876000001         6
  0.13273072920000004         5
  0.04424357640000001         3
