30
  88098461.08785214      2
  22024615.271963034      2
  11012307.635981517         2
  5506153.817990758         2
  2753076.908995379         2
  1376538.4544976896         2
  688269.2272488448         2
  344134.6136244224         2
  172067.3068122112         2
  86033.6534061056         2
  43016.8267030528         4
  21508.4133515264         4
  10754.2066757632         4
  5377.1033378816         4
  2688.5516689408         4
  1344.2758344704         4
  672.1379172352         4
  336.0689586176         4
  168.0344793088         4
  84.0172396544         4
  42.0086198272         4
  21.0043099136         4
  10.5021549568         4
  5.2510774784         4
  2.6255387392         4
  1.3127693696         4
  0.6563846848         4
  0.3281923424         4
  0.1640961712         2
  0.0820480856         2
