20
  49638850.88733524      0
  11030855.752741165      0
  3676951.9175803885         2
  1225650.639193463         3
  408550.2130644876         3
  136183.4043548292         3
  45394.468118276396         3
  15131.489372758799         3
  5043.8297909196         4
  1681.2765969732         4
  560.4255323244         4
  186.8085107748         4
  62.2695035916         4
  20.7565011972         4
  6.9188337323999995         4
  2.3062779108         5
  0.7687593036         6
  0.2562531012         5
  0.0854177004         3
  0.0284725668         2
