3
   24    0    0
5.68476598E+07
1.46794059E+07
4.74912556E+06
1.66787655E+06
6.25170530E+05
2.44681432E+05
9.96160398E+04
4.19595350E+04
1.82417354E+04
8.16322270E+03
3.75224966E+03
1.76799035E+03
8.50979574E+02
4.04118111E+02
2.03907122E+02
1.05354324E+02
5.17227450E+01
2.73375318E+01
1.26282083E+01
6.63534680E+00
2.56553897E+00
1.29475083E+00
3.70279586E-01
1.44373172E-01
   20    0    0
1.72824122E+07
3.15641728E+06
7.25282723E+05
1.92412503E+05
5.70898829E+04
1.86765023E+04
6.70190435E+03
2.62169163E+03
1.10574454E+03
4.95179408E+02
2.32404364E+02
1.12459428E+02
5.53557248E+01
2.79136374E+01
1.31728352E+01
6.48261416E+00
2.67263353E+00
1.19863600E+00
3.52585561E-01
1.15893147E-01
   14    0    0
1.41613025E+04
3.58429411E+03
1.25385658E+03
5.17561771E+02
2.35591634E+02
1.14150621E+02
5.74581199E+01
2.94435853E+01
1.49162359E+01
7.49983429E+00
3.63156854E+00
1.71598621E+00
7.60663337E-01
2.86675318E-01
    8    0    0
6.47900273E+02
2.19493865E+02
9.27081990E+01
4.29375191E+01
2.08572780E+01
1.01812229E+01
4.85784113E+00
2.12743536E+00



** Available from the Dirac web site, http://dirac.chem.sdu.dk **