3
   30    0    0
5.84798489E+07
1.55661447E+07
5.32787165E+06
2.02832277E+06
8.46297726E+05
3.73833194E+05
1.73395901E+05
8.32206424E+04
4.10893642E+04
2.07335353E+04
1.06600587E+04
5.56967131E+03
2.95281483E+03
1.58620869E+03
8.61735059E+02
4.70952776E+02
2.62643649E+02
1.48209526E+02
8.44019334E+01
4.90578503E+01
2.85826415E+01
1.64592887E+01
9.43696688E+00
5.42043507E+00
3.07806857E+00
1.68144512E+00
9.00631872E-01
4.35448673E-01
2.06144330E-01
9.27636781E-02
   26    0    0
4.77708571E+07
1.30667777E+07
3.94562797E+06
1.29131783E+06
4.50325792E+05
1.65743754E+05
6.40364278E+04
2.59205726E+04
1.09965430E+04
4.89189488E+03
2.27873625E+03
1.10714451E+03
5.57491838E+02
2.89263780E+02
1.53336179E+02
8.20609431E+01
4.49955347E+01
2.46562537E+01
1.31769463E+01
7.10603253E+00
3.67730712E+00
1.89843313E+00
9.46659718E-01
4.11732737E-01
1.74318443E-01
6.95136360E-02
   17    0    0
4.67507519E+04
1.12841311E+04
3.77649334E+03
1.51038247E+03
6.77379248E+02
3.27595657E+02
1.67204077E+02
8.82948435E+01
4.78401338E+01
2.60866844E+01
1.40437654E+01
7.54960079E+00
3.98257799E+00
2.03796235E+00
1.01041437E+00
4.73001501E-01
1.95078075E-01
   11    0    0
1.26483434E+03
4.27823687E+02
1.81692888E+02
8.64528882E+01
4.35732024E+01
2.27103637E+01
1.18603298E+01
6.08776747E+00
2.94090639E+00
1.17660739E+00
4.31008520E-01



** Available from the Dirac web site, http://dirac.chem.sdu.dk **