4
   34    0    0
5.84934165E+07
1.55727982E+07
5.33333278E+06
2.03305171E+06
8.50878878E+05
3.78018860E+05
1.77104887E+05
8.62907577E+04
4.35084604E+04
2.25359087E+04
1.19399016E+04
6.44611091E+03
3.54405149E+03
1.98693863E+03
1.13855932E+03
6.67235242E+02
3.98905662E+02
2.42176482E+02
1.48676183E+02
9.29569389E+01
6.01235807E+01
3.99157956E+01
2.59355031E+01
1.61594539E+01
1.02237996E+01
6.34497875E+00
3.83634273E+00
2.36047288E+00
1.51919804E+00
9.79563636E-01
5.55280780E-01
3.02733349E-01
1.56487403E-01
7.54954093E-02
   31    0    0
7.09240457E+07
2.46936254E+07
8.86720524E+06
3.35477829E+06
1.32396748E+06
5.42092331E+05
2.29295561E+05
9.99199500E+04
4.48036474E+04
2.06909770E+04
9.85614099E+03
4.84751958E+03
2.46120100E+03
1.28839840E+03
6.93309266E+02
3.82182386E+02
2.15113062E+02
1.22774645E+02
7.07023034E+01
4.15260238E+01
2.43122062E+01
1.39823737E+01
8.14689657E+00
4.69761160E+00
2.66798036E+00
1.49531338E+00
8.19507828E-01
4.27930628E-01
2.14215694E-01
1.04280197E-01
4.87911534E-02
   21    0    0
2.01991605E+05
4.72386419E+04
1.51266655E+04
5.78445447E+03
2.49739625E+03
1.17779568E+03
5.92974342E+02
3.13099639E+02
1.71566635E+02
9.63621636E+01
5.51936974E+01
3.18980829E+01
1.83803620E+01
1.05361722E+01
6.01789626E+00
3.38275010E+00
1.85761810E+00
1.02859548E+00
6.46214376E-01
3.89531825E-01
1.60155240E-01
   14    0    0
3.19499697E+03
1.05625936E+03
4.47320067E+02
2.13869326E+02
1.10574209E+02
5.96871492E+01
3.32577946E+01
1.87797546E+01
1.06118338E+01
5.94541468E+00
3.23924781E+00
1.65912723E+00
6.05049919E-01
2.71497957E-01
    1    0    0
4.80566833E-01



** Available from the Dirac web site, http://dirac.chem.sdu.dk **