3
   26    0    0
5.30946466E+07
1.40958618E+07
4.77725442E+06
1.78319576E+06
7.21848951E+05
3.05512018E+05
1.34150131E+05
6.03571988E+04
2.77461638E+04
1.29843098E+04
6.18052032E+03
2.99097572E+03
1.47389632E+03
7.30184287E+02
3.74243429E+02
1.96994383E+02
1.02771070E+02
5.55996795E+01
2.73958264E+01
1.54087461E+01
7.23972718E+00
3.87921182E+00
1.49315669E+00
7.10375819E-01
1.84449475E-01
6.70330956E-02
   23    0    0
3.77896114E+07
9.57459048E+06
2.71399469E+06
8.33909475E+05
2.72825992E+05
9.41395171E+04
3.41214757E+04
1.29942595E+04
5.21417831E+03
2.20804024E+03
9.83155630E+02
4.57554506E+02
2.21385916E+02
1.10347260E+02
5.65850840E+01
2.82195018E+01
1.47977289E+01
7.10928205E+00
3.49348457E+00
1.42576968E+00
5.97363744E-01
1.74151237E-01
4.71266594E-02
   16    0    0
4.19397533E+04
1.00089931E+04
3.30526243E+03
1.30479138E+03
5.75576267E+02
2.73689519E+02
1.36454366E+02
7.01687889E+01
3.62134659E+01
1.89041566E+01
9.75385232E+00
4.92434588E+00
2.37204884E+00
9.73125526E-01
3.80314345E-01
1.29894519E-01
   12    0    0
1.53635569E+03
5.11089914E+02
2.15051418E+02
1.00493488E+02
4.98446248E+01
2.53125927E+01
1.29750686E+01
6.51008289E+00
3.13496288E+00
1.41848229E+00
5.59300515E-01
1.70384250E-01



** Available from the Dirac web site, http://dirac.chem.sdu.dk **