4
   32    0    0
5.31891733E+07
1.41454656E+07
4.81607692E+06
1.81482325E+06
7.49179108E+05
3.27207976E+05
1.50514813E+05
7.19293225E+04
3.56311483E+04
1.81750343E+04
9.50513217E+03
5.06938643E+03
2.75511549E+03
1.52432007E+03
8.57460963E+02
4.95728059E+02
2.98049525E+02
1.86955244E+02
1.13665743E+02
7.03189745E+01
4.32026814E+01
2.46378911E+01
1.51132999E+01
9.31091146E+00
5.37276901E+00
3.10243454E+00
1.73794551E+00
9.58617732E-01
5.06106018E-01
2.16423936E-01
9.82542950E-02
4.42890695E-02
   29    0    0
6.31371678E+07
2.16000842E+07
7.64074475E+06
2.83674676E+06
1.09462250E+06
4.36556083E+05
1.79251953E+05
7.56322211E+04
3.27760106E+04
1.46054569E+04
6.70716086E+03
3.18091886E+03
1.55797995E+03
7.86369016E+02
4.07802906E+02
2.16730375E+02
1.18248595E+02
6.60419051E+01
3.69470017E+01
2.09752257E+01
1.19567527E+01
6.63769920E+00
3.59773135E+00
1.85614162E+00
9.38764899E-01
4.42851270E-01
1.74146223E-01
6.69512862E-02
2.50276988E-02
   20    0    0
2.05704993E+05
4.75331407E+04
1.49765522E+04
5.63042634E+03
2.39342782E+03
1.11186831E+03
5.50778740E+02
2.86447033E+02
1.53990408E+02
8.49767856E+01
4.73720336E+01
2.63050328E+01
1.47736622E+01
8.19692412E+00
4.41220866E+00
2.29841360E+00
1.10438868E+00
5.08669045E-01
2.18175539E-01
8.56518438E-02
   14    0    0
2.90565305E+03
9.55746045E+02
4.00277651E+02
1.89707715E+02
9.60682211E+01
5.07565016E+01
2.72922762E+01
1.48262377E+01
7.97370273E+00
4.14555212E+00
2.06116894E+00
9.38508567E-01
3.25915495E-01
9.92862770E-02
    2    0    0
6.85499040E-01
2.08829130E-01



** Available from the Dirac web site, http://dirac.chem.sdu.dk **