5
   36    0    0
5.35477948E+07
1.42425298E+07
4.85073488E+06
1.82894279E+06
7.56031660E+05
3.31088246E+05
1.53074373E+05
7.37080431E+04
3.69206830E+04
1.91663745E+04
1.03935295E+04
6.04140768E+03
3.94101657E+03
2.56370723E+03
1.55195065E+03
9.24359501E+02
5.55475860E+02
3.38025689E+02
2.09895711E+02
1.36255520E+02
8.78863358E+01
5.52626730E+01
3.36054257E+01
2.17140783E+01
1.39704603E+01
9.33929881E+00
5.82691970E+00
3.61827476E+00
2.15134839E+00
1.30739224E+00
7.75243499E-01
4.51275426E-01
2.63479795E-01
1.41920868E-01
7.36041219E-02
3.68802643E-02
   35    0    0
8.48006000E+07
3.55092594E+07
1.47009910E+07
6.26593635E+06
2.73989099E+06
1.22529921E+06
5.58650128E+05
2.59170756E+05
1.22190178E+05
5.85526992E+04
2.85505383E+04
1.41889116E+04
7.19798356E+03
3.73211614E+03
1.97914836E+03
1.07276890E+03
5.93870073E+02
3.34869396E+02
1.91668183E+02
1.11578146E+02
6.56743955E+01
3.85973189E+01
2.29621374E+01
1.37655785E+01
8.13789707E+00
4.73541932E+00
2.72428035E+00
1.53188993E+00
8.46635783E-01
4.53510826E-01
2.30091525E-01
1.14076172E-01
5.76111994E-02
2.98548630E-02
1.51012149E-02
   24    0    0
9.17486083E+05
2.09710625E+05
6.47059397E+04
2.35989800E+04
9.67555707E+03
4.33862604E+03
2.08962654E+03
1.06540434E+03
5.68010879E+02
3.13953401E+02
1.78012166E+02
1.03061016E+02
6.02053597E+01
3.51826932E+01
2.07844566E+01
1.22627777E+01
7.12884239E+00
4.06691699E+00
2.26246422E+00
1.20283487E+00
6.17418477E-01
3.02984495E-01
1.41764949E-01
6.22202021E-02
   16    0    0
5.27363523E+03
1.70381075E+03
7.08724823E+02
3.35300194E+02
1.71614036E+02
9.21050686E+01
5.10431960E+01
2.86790524E+01
1.62678574E+01
9.15807475E+00
5.00018295E+00
2.62803706E+00
1.29622784E+00
5.73130264E-01
2.33139137E-01
7.10230640E-02
    4    0    0
1.97037890E+00
1.09769260E+00
3.93365800E-01
1.19834210E-01
    2    0    0
7.30619010E-01
2.22574390E-01



** Available from the Dirac web site, http://dirac.chem.sdu.dk **