5
   33    0    0
8.65528664E+07
2.29015135E+07
7.75307298E+06
2.90148746E+06
1.17384456E+06
4.98313075E+05
2.20139402E+05
1.00564315E+05
4.73961199E+04
2.29665635E+04
1.14204953E+04
5.82148220E+03
3.03773655E+03
1.62031398E+03
8.83118319E+02
4.92226094E+02
2.81012736E+02
1.65038138E+02
1.01200509E+02
6.41489690E+01
4.11024043E+01
2.59155868E+01
1.60465660E+01
9.95972016E+00
6.08590376E+00
3.59962537E+00
1.96246820E+00
1.08541693E+00
5.81788139E-01
2.95298949E-01
1.17330737E-01
5.28113903E-02
2.41570950E-02
   25    0    0
1.07887173E+07
1.72049534E+06
3.76638327E+05
9.96687313E+04
3.05158979E+04
1.05856934E+04
4.09162479E+03
1.72872147E+03
7.83639928E+02
3.75485884E+02
1.87933624E+02
9.71315494E+01
5.14855091E+01
2.76304220E+01
1.49693488E+01
8.22783493E+00
4.64019333E+00
2.65254785E+00
1.46018892E+00
7.88359197E-01
4.10990739E-01
1.81427808E-01
8.46996856E-02
3.93033944E-02
1.81657233E-02
   17    0    0
9.32362702E+03
2.46217102E+03
8.93421762E+02
3.80144277E+02
1.78708063E+02
8.95182215E+01
4.68173642E+01
2.52467594E+01
1.38031774E+01
7.62316562E+00
4.20831250E+00
2.27692242E+00
1.19134854E+00
6.00744084E-01
2.90585746E-01
1.34223627E-01
5.80303882E-02
    4    0    0
2.72353261E+00
1.02594380E+00
3.73889855E-01
1.24630000E-01
    3    0    0
1.85263469E+00
6.38120578E-01
2.12706900E-01
    2    0    0
1.36747079E+00
4.55823600E-01



** Available from the Dirac web site, http://dirac.chem.sdu.dk **