4
   28    0    0
8.21003901E+07
2.05962006E+07
6.44610005E+06
2.20547899E+06
8.11533474E+05
3.15382542E+05
1.28692816E+05
5.48079939E+04
2.42641166E+04
1.11250488E+04
5.26538253E+03
2.56423476E+03
1.28081802E+03
6.53997949E+02
3.39988830E+02
1.78515822E+02
9.16359229E+01
4.92166951E+01
2.64840342E+01
1.39721850E+01
7.52756116E+00
4.06122152E+00
2.02608623E+00
1.02366296E+00
4.86011047E-01
1.29673881E-01
5.93318562E-02
2.62896757E-02
   20    0    0
1.18290311E+06
1.71954400E+05
3.70655659E+04
1.02266956E+04
3.39856123E+03
1.29403366E+03
5.43283222E+02
2.45064056E+02
1.16331210E+02
5.72983091E+01
2.88144099E+01
1.46612950E+01
7.54937684E+00
3.94260773E+00
2.00254525E+00
9.78321661E-01
4.58030420E-01
1.53197599E-01
6.11357424E-02
2.43126879E-02
   13    0    0
2.13858801E+03
6.04979049E+02
2.27696915E+02
9.85486218E+01
4.60954511E+01
2.26341294E+01
1.13170176E+01
5.71305720E+00
2.83610097E+00
1.35475842E+00
6.13480226E-01
2.60946883E-01
1.01406408E-01
    3    0    0
1.86028500E+00
5.66866020E-01
1.88955400E-01
    2    0    0
1.17513210E+00
3.91710720E-01



** Available from the Dirac web site, http://dirac.chem.sdu.dk **