3
   21    0    0
4.14936331E+07
6.86698984E+06
1.53427142E+06
4.06218571E+05
1.22303683E+05
4.07153699E+04
1.47111213E+04
5.68792157E+03
2.32733027E+03
9.98585898E+02
4.45732886E+02
2.04076251E+02
8.67384737E+01
4.26205521E+01
2.09269667E+01
8.90764050E+00
4.32319952E+00
1.46482930E+00
6.23436678E-01
9.65759476E-02
3.62654771E-02
   14    0    0
4.06381666E+04
6.71821328E+03
1.76291546E+03
5.85501053E+02
2.23674234E+02
9.30649259E+01
4.07796729E+01
1.77495679E+01
8.08816346E+00
3.74867630E+00
1.54256489E+00
6.09194240E-01
1.23961866E-01
3.82710925E-02
   10    0    0
7.00795941E+02
2.04262319E+02
7.68700502E+01
3.24883913E+01
1.44674853E+01
6.55265587E+00
2.90038094E+00
1.21821316E+00
4.66483823E-01
1.56775396E-01
    2    0    0
1.07042480E+00
2.15634700E-01



** Available from the Dirac web site, http://dirac.chem.sdu.dk **