3
   24    0    0
5.80226841E+07
1.48197988E+07
4.72238743E+06
1.63218333E+06
6.02327402E+05
2.32625999E+05
9.36570190E+04
3.90989196E+04
1.68788402E+04
7.51276737E+03
3.43938033E+03
1.61581494E+03
7.75851541E+02
3.66121900E+02
1.84400480E+02
9.50651171E+01
4.64662683E+01
2.44772899E+01
1.11901610E+01
5.79784882E+00
2.15870772E+00
1.04226135E+00
2.65908662E-01
1.00734400E-01
   20    0    0
1.52678508E+07
2.68636941E+06
6.04560600E+05
1.58483354E+05
4.67858698E+04
1.53250769E+04
5.53455235E+03
2.18424309E+03
9.29423926E+02
4.19320068E+02
1.97851207E+02
9.56967864E+01
4.74356303E+01
2.39296309E+01
1.13516041E+01
5.53461227E+00
2.24108719E+00
9.53174998E-01
2.48293103E-01
7.79158225E-02
   14    0    0
1.14563420E+04
2.93479123E+03
1.03643045E+03
4.30323545E+02
1.96540411E+02
9.52357533E+01
4.78674481E+01
2.43647577E+01
1.22239217E+01
6.06071971E+00
2.84128694E+00
1.29733557E+00
5.52008084E-01
2.02232067E-01
    8    0    0
5.51023047E+02
1.86924359E+02
7.88015411E+01
3.63519861E+01
1.75278866E+01
8.45836180E+00
3.96752275E+00
1.68654417E+00



** Available from the Dirac web site, http://dirac.chem.sdu.dk **