3
   30    0    0
6.03119892E+07
1.60514899E+07
5.49460224E+06
2.09217826E+06
8.72286077E+05
3.84554484E+05
1.77691456E+05
8.48420218E+04
4.16392597E+04
2.08885196E+04
1.06852884E+04
5.56164908E+03
2.94187439E+03
1.57928191E+03
8.58800210E+02
4.71603844E+02
2.63672055E+02
1.49608973E+02
8.58643392E+01
4.93302357E+01
2.90841122E+01
1.70043921E+01
9.45188226E+00
5.39079397E+00
2.92544119E+00
1.57671776E+00
8.22623938E-01
3.36549072E-01
1.55529714E-01
6.79945828E-02
   26    0    0
4.57163117E+07
1.20200125E+07
3.53385085E+06
1.13288565E+06
3.88809084E+05
1.41393227E+05
5.41758767E+04
2.18252541E+04
9.24851014E+03
4.12276827E+03
1.92853126E+03
9.41674992E+02
4.76445132E+02
2.48295911E+02
1.32043796E+02
7.07329278E+01
3.88439565E+01
2.12684889E+01
1.13562105E+01
6.08939127E+00
3.11500618E+00
1.58092243E+00
7.62751069E-01
2.99503627E-01
1.21713018E-01
4.71368957E-02
   17    0    0
3.60564710E+04
8.79426902E+03
2.97738965E+03
1.20263396E+03
5.43209485E+02
2.63926977E+02
1.35047079E+02
7.13190618E+01
3.85781649E+01
2.09198210E+01
1.11516104E+01
5.91228033E+00
3.04303186E+00
1.51355417E+00
7.22430784E-01
3.25039533E-01
1.26579892E-01
   11    0    0
1.07030290E+03
3.63238800E+02
1.54467335E+02
7.33683554E+01
3.68697240E+01
1.91071064E+01
9.88941892E+00
5.00681763E+00
2.36158202E+00
8.95517091E-01
2.78625800E-01



** Available from the Dirac web site, http://dirac.chem.sdu.dk **