4
   34    0    0
6.03279728E+07
1.60594003E+07
5.50023107E+06
2.09659438E+06
8.76143654E+05
3.87757098E+05
1.80294416E+05
8.68441494E+04
4.30762118E+04
2.18429093E+04
1.12934090E+04
5.95072040E+03
3.20148524E+03
1.76415906E+03
1.00160154E+03
5.95642414E+02
3.96720913E+02
2.58455735E+02
1.60682868E+02
9.84446368E+01
6.01460101E+01
3.79343442E+01
2.39126451E+01
1.52760043E+01
9.20872979E+00
5.55740309E+00
3.20235441E+00
1.91807846E+00
1.17319772E+00
7.44630190E-01
4.71155204E-01
2.39027432E-01
1.18864596E-01
5.60259186E-02
   31    0    0
7.25482293E+07
2.51279614E+07
8.99433630E+06
3.39784722E+06
1.34061524E+06
5.48671180E+05
2.31656758E+05
1.00691425E+05
4.50505364E+04
2.07848216E+04
9.90002640E+03
4.86642104E+03
2.46558862E+03
1.28558344E+03
6.87901309E+02
3.76206018E+02
2.09508372E+02
1.17949694E+02
6.66892149E+01
3.84609275E+01
2.21095148E+01
1.24827310E+01
7.10832128E+00
4.00037196E+00
2.22846634E+00
1.21256201E+00
6.43653019E-01
3.14886756E-01
1.51587169E-01
7.16078605E-02
3.29139770E-02
   21    0    0
1.64639539E+05
3.86670798E+04
1.24589026E+04
4.79811197E+03
2.08586225E+03
9.89743601E+02
5.00615172E+02
2.65206540E+02
1.45619569E+02
8.18294249E+01
4.68616244E+01
2.70061415E+01
1.54602704E+01
8.80349429E+00
4.98217352E+00
2.76443173E+00
1.49348569E+00
8.02887499E-01
4.47148940E-01
2.46379012E-01
1.00171907E-01
   14    0    0
2.59714224E+03
8.64921518E+02
3.67445405E+02
1.76033232E+02
9.09822722E+01
4.89976220E+01
2.72075403E+01
1.52620972E+01
8.54854988E+00
4.73159461E+00
2.53363981E+00
1.26389863E+00
4.47623445E-01
1.75081190E-01
    1    0    0
3.80941530E-01



** Available from the Dirac web site, http://dirac.chem.sdu.dk **