31
  109213971.15494072      2
  27303492.78873518      2
  13651746.39436759         2
  6825873.197183795         2
  3412936.5985918976         2
  1706468.2992959488         2
  853234.1496479744         2
  426617.0748239872         2
  213308.5374119936         2
  106654.2687059968         2
  53327.1343529984         4
  26663.5671764992         4
  13331.7835882496         4
  6665.8917941248         4
  3332.9458970624         4
  1666.4729485312         4
  833.2364742656         4
  416.6182371328         4
  208.3091185664         4
  104.1545592832         4
  52.0772796416         4
  26.0386398208         4
  13.0193199104         4
  6.5096599552         4
  3.2548299776         4
  1.6274149888         4
  0.8137074944         4
  0.4068537472         4
  0.2034268736         4
  0.1017134368         2
  0.0508567184         2
