20
  57431399.09622652      0
  12762533.132494783      0
  4254177.710831595         3
  1418059.236943865         3
  472686.4123146217         3
  157562.13743820722         4
  52520.712479402406         4
  17506.9041598008         4
  5835.6347199336005         4
  1945.2115733112003         5
  648.4038577704001         5
  216.13461925680005         5
  72.04487308560002         5
  24.014957695200007         5
  8.004985898400003         5
  2.668328632800001         7
  0.8894428776000004         6
  0.2964809592000001         6
  0.09882698640000004         4
  0.03294232880000001         3
