20
  88663206.20158485      0
  19702934.7114633      0
  6567644.9038211         2
  2189214.9679403664         2
  729738.3226467888         2
  243246.1075489296         2
  81082.0358496432         3
  27027.3452832144         3
  9009.1150944048         3
  3003.0383648016         3
  1001.0127882672         4
  333.6709294224         4
  111.2236431408         4
  37.0745477136         4
  12.358182571199999         4
  4.1193941903999995         5
  1.3731313967999998         5
  0.45771046559999995         4
  0.15257015519999997         4
  0.050856718399999994         2
