21
  133508155.31995577      0
  29668478.95999017      0
  9889492.98666339         2
  3296497.66222113         2
  1098832.55407371         3
  366277.51802457         3
  122092.50600819         3
  40697.50200273         3
  13565.83400091         3
  4521.94466697         4
  1507.31488899         4
  502.43829633         4
  167.47943211         4
  55.82647737         4
  18.60882579         4
  6.202941930000001         7
  2.0676473100000003         7
  0.6892157700000001         6
  0.22973859000000005         5
  0.07657953000000002         3
  0.025526510000000006         2
