21
  133508155.31995577      0
  29668478.95999017      0
  9889492.98666339         3
  3296497.66222113         3
  1098832.55407371         4
  366277.51802457         4
  122092.50600819         4
  40697.50200273         4
  13565.83400091         4
  4521.94466697         5
  1507.31488899         5
  502.43829633         5
  167.47943211         5
  55.82647737         5
  18.60882579         5
  6.202941930000001         8
  2.0676473100000003         8
  0.6892157700000001         7
  0.22973859000000005         6
  0.07657953000000002         4
  0.025526510000000006         3
