20
  88663206.20158485      0
  19702934.7114633      0
  6567644.9038211         3
  2189214.9679403664         3
  729738.3226467888         3
  243246.1075489296         3
  81082.0358496432         4
  27027.3452832144         4
  9009.1150944048         4
  3003.0383648016         4
  1001.0127882672         5
  333.6709294224         5
  111.2236431408         5
  37.0745477136         5
  12.358182571199999         5
  4.1193941903999995         6
  1.3731313967999998         6
  0.45771046559999995         5
  0.15257015519999997         5
  0.050856718399999994         3
