3
   24    0    0
5.86641871E+07
1.47205722E+07
4.58655973E+06
1.55076534E+06
5.60812627E+05
2.13010156E+05
8.46022108E+04
3.49471948E+04
1.49650967E+04
6.62133979E+03
3.01847450E+03
1.41410537E+03
6.77622614E+02
3.17205973E+02
1.59406918E+02
8.19614087E+01
3.99569716E+01
2.09561152E+01
9.44951963E+00
4.79255281E+00
1.66761501E+00
7.56928335E-01
1.58858219E-01
5.58685362E-02
   19    0    0
7.09851036E+06
1.09449144E+06
2.29019969E+05
5.76987962E+04
1.68483838E+04
5.60271592E+03
2.08541062E+03
8.50485039E+02
3.71300001E+02
1.70343965E+02
8.01063283E+01
3.93569179E+01
1.96270954E+01
9.30521856E+00
4.46130136E+00
1.72888592E+00
6.93419480E-01
1.48736933E-01
4.40065837E-02
   12    0    0
4.51257515E+03
1.21412561E+03
4.41432592E+02
1.85135061E+02
8.41544342E+01
3.99992280E+01
1.91611025E+01
9.04686529E+00
4.17163911E+00
1.65092857E+00
6.29799134E-01
2.06895064E-01
    9    0    0
4.00441892E+02
1.35960199E+02
5.68188195E+01
2.59058138E+01
1.22043037E+01
5.69842522E+00
2.54253879E+00
9.94858020E-01
3.05376020E-01



** Available from the Dirac web site, http://dirac.chem.sdu.dk **