5
34 0 0
    6.2091032E+07
    1.6531020E+07
    5.6666227E+06
    2.1625688E+06
    9.0428832E+05
    4.0047108E+05
    1.8613020E+05
    8.9401027E+04
    4.4116867E+04
    2.2257868E+04
    1.1466692E+04
    6.0232727E+03
    3.2250230E+03
    1.7623507E+03
    9.8638894E+02
    5.6980004E+02
    3.4743912E+02
    2.1859443E+02
    1.3725327E+02
    8.4862064E+01
    5.2068308E+01
    3.2962045E+01
    2.0564227E+01
    1.2354184E+01
    7.5641217E+00
    4.5739925E+00
    2.7396490E+00
    1.5458697E+00
    8.5989884E-01
    4.5826151E-01
    2.4308744E-01
    1.2152573E-01
    6.0893308E-02
    3.0185296E-02
30 0 0
   5.7553485E+07 
   1.6912486E+07 
   5.3778068E+06 
   1.8396873E+06 
   6.6701259E+05 
   2.5415158E+05 
   1.0122199E+05 
   4.2034735E+04 
   1.8196646E+04 
   8.2174487E+03 
   3.8703916E+03 
   1.8971509E+03 
   9.6423721E+02 
   5.0542065E+02 
   2.7186129E+02 
   1.4924477E+02 
   8.3140463E+01 
   4.7131483E+01 
   2.7229115E+01 
   1.5675902E+01 
   8.8298688E+00 
   4.9910401E+00 
   2.7579796E+00 
   1.5021522E+00 
   8.0099970E-01 
   4.1615897E-01 
   1.8857106E-01 
   8.7555118E-02 
   4.0633898E-02 
   1.8755275E-02 
19 0 0
   7.3085195E+04 
   1.7483465E+04 
   5.7912193E+03 
   2.2955079E+03 
   1.0234377E+03 
   4.9506436E+02 
   2.5336705E+02 
   1.3525691E+02 
   7.4166438E+01 
   4.1510011E+01 
   2.3402974E+01 
   1.3090124E+01 
   7.2436307E+00 
   3.9591472E+00 
   2.0937190E+00 
   1.0655856E+00 
   5.1928944E-01 
   2.3993836E-01 
   1.0271158E-01 
14 0 0
    8.2101678E+03
    1.5984529E+03
    5.4023670E+02
    2.3015033E+02
    1.1044826E+02
    5.6535919E+01
    3.0055120E+01
    1.6265242E+01
    8.7169377E+00
    4.5407487E+00
    2.2220809E+00
    9.6965516E-01
    3.8700265E-01
    1.5445806E-01
10 0 0
5.8072580E+02
1.5453376E+02  
5.9944046E+01
3.2536284E+01   
1.2226182E+01  
4.6593438E+00
2.9270188E+00
1.8387652E+00   
7.0210737E-01
2.6809011E-01
4 0 0
1.0749464E+02
2.2869254E+01   
8.2960313E+00 
5.3474262E-01
