4
   30    0    0
6.20722185E+07
1.65203591E+07
5.65791538E+06
2.15623033E+06
8.99306481E+05
3.96414959E+05
1.83059018E+05
8.73616208E+04
4.28555453E+04
2.14864996E+04
1.09813562E+04
5.70796184E+03
3.01343252E+03
1.61404252E+03
8.76047503E+02
4.81220084E+02
2.65695654E+02
1.49025873E+02
8.41074448E+01
4.65028217E+01
2.70322634E+01
1.54290092E+01
8.33768986E+00
4.60569283E+00
2.32465197E+00
1.23675190E+00
6.11377850E-01
2.12094928E-01
9.19014878E-02
3.92996891E-02
   24    0    0
2.65072863E+07
5.44146920E+06
1.35503096E+06
3.82714630E+05
1.19172564E+05
4.03235178E+04
1.47444090E+04
5.81092180E+03
2.45606146E+03
1.10373337E+03
5.21538265E+02
2.56384824E+02
1.30289570E+02
6.75225361E+01
3.60892673E+01
1.93652205E+01
1.01043048E+01
5.25279113E+00
2.56950900E+00
1.26038793E+00
5.76109469E-01
1.97865855E-01
7.55119224E-02
2.82141897E-02
   15    0    0
1.44781015E+04
3.67716021E+03
1.29106678E+03
5.35609420E+02
2.45192758E+02
1.19794849E+02
6.07825792E+01
3.16631231E+01
1.64540819E+01
8.38347565E+00
4.20264263E+00
1.96488353E+00
8.82342970E-01
3.66732051E-01
1.36810745E-01
   11    0    0
8.04603731E+02
2.74042218E+02
1.16667491E+02
5.50923691E+01
2.74952889E+01
1.40612577E+01
7.14450483E+00
3.52275993E+00
1.59267636E+00
5.37589250E-01
1.81456950E-01
    2    0    0
1.20070770E+00
4.05284810E-01



** Available from the Dirac web site, http://dirac.chem.sdu.dk **