5
   34    0    0
6.20910315E+07
1.65310196E+07
5.66662267E+06
2.16256884E+06
9.04288317E+05
4.00471076E+05
1.86130196E+05
8.94010272E+04
4.41168672E+04
2.22578678E+04
1.14666921E+04
6.02327271E+03
3.22502302E+03
1.76235066E+03
9.86388945E+02
5.69800040E+02
3.47439123E+02
2.18594432E+02
1.37253267E+02
8.48620636E+01
5.20683077E+01
3.29620450E+01
2.05642268E+01
1.23541844E+01
7.56412170E+00
4.57399250E+00
2.73964897E+00
1.54586970E+00
8.59898841E-01
4.58261513E-01
2.43087444E-01
1.21525733E-01
6.08933079E-02
3.01852957E-02
   30    0    0
5.75534848E+07
1.69124856E+07
5.37780684E+06
1.83968730E+06
6.67012592E+05
2.54151575E+05
1.01221988E+05
4.20347350E+04
1.81966463E+04
8.21744870E+03
3.87039155E+03
1.89715089E+03
9.64237207E+02
5.05420647E+02
2.71861289E+02
1.49244771E+02
8.31404628E+01
4.71314825E+01
2.72291155E+01
1.56759018E+01
8.82986883E+00
4.99104006E+00
2.75797960E+00
1.50215220E+00
8.00999703E-01
4.16158973E-01
1.88571055E-01
8.75551178E-02
4.06338978E-02
1.87552747E-02
   19    0    0
7.30851950E+04
1.74834650E+04
5.79121925E+03
2.29550786E+03
1.02343767E+03
4.95064363E+02
2.53367053E+02
1.35256912E+02
7.41664376E+01
4.15100111E+01
2.34029736E+01
1.30901241E+01
7.24363075E+00
3.95914719E+00
2.09371900E+00
1.06558558E+00
5.19289443E-01
2.39938364E-01
1.02711578E-01
   13    0    0
1.59845287E+03
5.40236705E+02
2.30150329E+02
1.10448257E+02
5.65359194E+01
3.00551195E+01
1.62652422E+01
8.71693770E+00
4.54074873E+00
2.22208092E+00
9.69655156E-01
3.87002646E-01
1.54458060E-01
    4    0    0
2.92701880E+00
1.83876516E+00
7.02107371E-01
2.68090110E-01
    2    0    0
1.40044975E+00
5.34742620E-01



** Available from the Dirac web site, http://dirac.chem.sdu.dk **