6
   35    0    0
7.36868185E+07
1.95900903E+07
6.70068067E+06
2.54724043E+06
1.05309344E+06
4.57815641E+05
2.07368775E+05
9.68976906E+04
4.65975834E+04
2.30004393E+04
1.16185700E+04
5.98665538E+03
3.14070504E+03
1.67647333E+03
9.10379081E+02
5.02540278E+02
2.81331473E+02
1.58051043E+02
9.17080263E+01
5.43988557E+01
3.30158693E+01
2.03434264E+01
1.29082642E+01
7.98930370E+00
4.60448998E+00
2.79405101E+00
1.66457474E+00
9.65597449E-01
5.44724607E-01
3.08431279E-01
1.70919037E-01
9.59556248E-02
5.03406805E-02
2.68781766E-02
1.42080462E-02
   30    0    0
4.03451889E+07
9.14331933E+06
2.45157889E+06
7.38230725E+05
2.43089256E+05
8.62586138E+04
3.27677882E+04
1.32933794E+04
5.74489802E+03
2.63063987E+03
1.26646214E+03
6.36139642E+02
3.31016624E+02
1.77108392E+02
9.69600260E+01
5.37659387E+01
3.00047149E+01
1.70964981E+01
9.88498625E+00
5.73120516E+00
3.25595868E+00
1.85207285E+00
1.03078897E+00
5.60803363E-01
3.05995015E-01
1.66232136E-01
8.30267972E-02
4.25364729E-02
2.18724141E-02
1.11596274E-02
   19    0    0
2.64871185E+04
6.62375551E+03
2.30533666E+03
9.52790198E+02
4.39008042E+02
2.17757460E+02
1.13502026E+02
6.14004489E+01
3.39512170E+01
1.90734950E+01
1.08185308E+01
6.10664823E+00
3.38363550E+00
1.84969963E+00
9.75632902E-01
4.71433689E-01
2.19209937E-01
9.78343617E-02
4.11833012E-02
   13    0    0
4.43946028E+02
1.53682830E+02
6.57885750E+01
3.14016896E+01
1.57090371E+01
8.17887529E+00
4.31368967E+00
2.26695424E+00
1.17381242E+00
5.88960333E-01
2.81095571E-01
1.21082583E-01
5.21566095E-02
    4    0    0
7.43139080E+00
2.42945410E+00
7.79989840E-01
1.83737340E-01
    3    0    0
4.52559460E+00
1.31866190E+00
3.54283050E-01
    2    0    0
3.26586090E+00
6.56641920E-01



** Available from the Dirac web site, http://dirac.chem.sdu.dk **