4
   24    0    0
5.82747627E+07
1.26315591E+07
3.41959183E+06
1.03177812E+06
3.40553603E+05
1.20781049E+05
4.55893404E+04
1.81625334E+04
7.58697652E+03
3.30375243E+03
1.49209548E+03
6.95692764E+02
3.31848413E+02
1.51071529E+02
7.58069455E+01
3.84173139E+01
1.77718280E+01
9.16147376E+00
3.88785412E+00
1.93224415E+00
6.04052178E-01
2.82329522E-01
5.61968519E-02
2.33860359E-02
   19    0    0
1.33420489E+06
1.92206987E+05
4.05579327E+04
1.08856257E+04
3.51845342E+03
1.30695241E+03
5.37153564E+02
2.37301759E+02
1.10350552E+02
5.29976217E+01
2.56525567E+01
1.28266734E+01
6.23356279E+00
3.07222880E+00
1.48906944E+00
6.12512708E-01
2.55027415E-01
5.94901655E-02
2.19640756E-02
   13    0    0
2.93427825E+03
8.14404048E+02
3.02926315E+02
1.29480316E+02
5.99956074E+01
2.89729020E+01
1.43649794E+01
7.07746494E+00
3.42141538E+00
1.60227623E+00
6.76194762E-01
2.46962789E-01
8.05358741E-02
    8    0    0
8.95268772E+01
2.98956519E+01
1.17114131E+01
4.94920138E+00
2.08590602E+00
8.38090495E-01
2.97149435E-01
9.02209963E-02
    2    0    0
2.41154840E+00
4.84871770E-01



** Available from the Dirac web site, http://dirac.chem.sdu.dk **