5
   30    0    0
7.26682072E+07
1.90255285E+07
6.31643616E+06
2.29969378E+06
8.99010888E+05
3.68072257E+05
1.56999740E+05
6.93471656E+04
3.16342778E+04
1.48617206E+04
7.17425534E+03
3.54997478E+03
1.79642400E+03
9.27834296E+02
4.88033677E+02
2.60418680E+02
1.37954576E+02
7.51871232E+01
4.10689237E+01
2.15935402E+01
1.23095541E+01
6.84864182E+00
3.59492106E+00
1.93160045E+00
9.24515392E-01
4.96777106E-01
2.45443425E-01
7.46456099E-02
3.80226709E-02
1.81654853E-02
   24    0    0
1.15115388E+07
1.87861271E+06
4.12755670E+05
1.08560434E+05
3.28060340E+04
1.11789085E+04
4.23832387E+03
1.75774366E+03
7.83331258E+02
3.69411098E+02
1.81712112E+02
9.23504390E+01
4.79349382E+01
2.51594307E+01
1.35869594E+01
7.31878463E+00
3.84900109E+00
2.01068403E+00
9.80797861E-01
4.83446304E-01
2.29532222E-01
8.47504695E-02
3.80640293E-02
1.62453465E-02
   16    0    0
8.96380310E+03
2.35942199E+03
8.52317447E+02
3.61481547E+02
1.68763723E+02
8.37818765E+01
4.33238089E+01
2.28883676E+01
1.23012545E+01
6.57870439E+00
3.43772477E+00
1.76663085E+00
8.66564021E-01
3.68406994E-01
1.48647306E-01
5.54968947E-02
   11    0    0
2.46917917E+02
8.43590908E+01
3.56922639E+01
1.63662982E+01
7.92914858E+00
3.90394373E+00
1.90796228E+00
9.06859731E-01
4.07826858E-01
1.64123882E-01
6.60492267E-02
    3    0    0
4.60187220E+00
1.26644700E+00
2.54634910E-01
    2    0    0
2.46226520E+00
4.95069030E-01



** Available from the Dirac web site, http://dirac.chem.sdu.dk **