4
   32    0    0
5.43339482E+07
1.44542257E+07
4.92783051E+06
1.86157265E+06
7.70303447E+05
3.37210606E+05
1.55238304E+05
7.40277733E+04
3.63810752E+04
1.82919868E+04
9.38443797E+03
4.89935844E+03
2.60032647E+03
1.40182542E+03
7.65258901E+02
4.29205393E+02
2.47448016E+02
1.47817993E+02
9.41831865E+01
6.07167575E+01
3.79557620E+01
2.22873222E+01
1.36628940E+01
8.27030324E+00
4.75217932E+00
2.70240318E+00
1.40890629E+00
7.57692036E-01
3.91452982E-01
1.45524295E-01
6.73341156E-02
3.04757109E-02
   29    0    0
5.99526789E+07
1.95722838E+07
6.69005282E+06
2.41496393E+06
9.10363015E+05
3.56129967E+05
1.43974565E+05
6.00348062E+04
2.58141004E+04
1.14623566E+04
5.26685118E+03
2.50735731E+03
1.23489428E+03
6.27082146E+02
3.26952714E+02
1.74430448E+02
9.56520074E+01
5.34738584E+01
2.98748688E+01
1.69639321E+01
9.62048229E+00
5.32144456E+00
2.85304913E+00
1.43794521E+00
7.10381214E-01
3.35122020E-01
1.36221556E-01
5.41655070E-02
2.10976844E-02
   20    0    0
1.56254223E+05
3.63375148E+04
1.15652514E+04
4.39951042E+03
1.89152438E+03
8.87053951E+02
4.42728436E+02
2.31487359E+02
1.24875608E+02
6.89908976E+01
3.84237544E+01
2.13025894E+01
1.18906146E+01
6.52695937E+00
3.45888811E+00
1.74357819E+00
7.84117000E-01
3.32025608E-01
1.31131946E-01
4.77935814E-02
   14    0    0
1.89294807E+03
6.29735510E+02
2.65332558E+02
1.25272597E+02
6.30109575E+01
3.26958925E+01
1.72120081E+01
9.03305849E+00
4.60870045E+00
2.25608948E+00
1.04370725E+00
4.44667814E-01
1.54737747E-01
5.30170310E-02
    2    0    0
2.73934680E-01
9.38568880E-02



** Available from the Dirac web site, http://dirac.chem.sdu.dk **