5
   36    0    0
5.45971372E+07
1.45277067E+07
4.95589869E+06
1.87427357E+06
7.77491260E+05
3.41875952E+05
1.58684788E+05
7.67072072E+04
3.85745371E+04
2.01242429E+04
1.09863494E+04
6.49369432E+03
4.32805196E+03
2.75165842E+03
1.62432299E+03
9.48726043E+02
5.60818993E+02
3.35050623E+02
2.00685958E+02
1.19873509E+02
7.36322132E+01
4.47397460E+01
2.66290353E+01
1.71368848E+01
1.09968864E+01
6.62332857E+00
4.25434932E+00
2.71896249E+00
1.76787141E+00
9.91893278E-01
5.62245397E-01
3.12840627E-01
1.68104897E-01
8.86618595E-02
4.66944138E-02
2.40726651E-02
   35    0    0
7.97543058E+07
3.15716432E+07
1.24972927E+07
5.12608799E+06
2.16582238E+06
9.39527408E+05
4.17296069E+05
1.89445241E+05
8.77988939E+04
4.15290693E+04
2.00545299E+04
9.89963280E+03
5.00515616E+03
2.59610000E+03
1.38149056E+03
7.53126752E+02
4.19843225E+02
2.38043987E+02
1.36827280E+02
8.02165558E+01
4.71161106E+01
2.75774609E+01
1.64586005E+01
9.76452114E+00
5.69866732E+00
3.28431927E+00
1.86420837E+00
1.05649370E+00
6.00091584E-01
3.39968855E-01
1.90788120E-01
1.01487179E-01
5.27128262E-02
2.69365094E-02
1.34013783E-02
   24    0    0
8.12287133E+05
1.85103885E+05
5.73082876E+04
2.09975896E+04
8.66024218E+03
3.91198361E+03
1.89727383E+03
9.72037069E+02
5.19357011E+02
2.87049422E+02
1.62482500E+02
9.37938274E+01
5.46442030E+01
3.18523754E+01
1.86743573E+01
1.09370867E+01
6.30908807E+00
3.54225099E+00
1.91968284E+00
9.86797233E-01
4.68566135E-01
2.11061498E-01
9.05738045E-02
3.66948535E-02
   16    0    0
3.39768115E+03
1.11525306E+03
4.67292481E+02
2.22162592E+02
1.13265535E+02
6.04466398E+01
3.29801869E+01
1.82037167E+01
1.00408899E+01
5.43369996E+00
2.84740674E+00
1.42594119E+00
6.67971938E-01
2.80557568E-01
1.19865127E-01
4.10687970E-02
    4    0    0
1.28230330E+00
5.05819880E-01
1.71757250E-01
5.88483390E-02
    2    0    0
3.31336740E-01
1.13524270E-01



** Available from the Dirac web site, http://dirac.chem.sdu.dk **