3
   26    0    0
5.43776608E+07
1.44112314E+07
4.86780367E+06
1.80660109E+06
7.23637052E+05
3.02144579E+05
1.30614515E+05
5.78823343E+04
2.62410875E+04
1.21358422E+04
5.72036231E+03
2.74633423E+03
1.34348495E+03
6.58373577E+02
3.35613787E+02
1.75784000E+02
9.00473702E+01
4.83954721E+01
2.34553142E+01
1.30539546E+01
5.92450208E+00
3.12046322E+00
1.13245906E+00
5.15527786E-01
1.09775767E-01
4.20892655E-02
   23    0    0
3.42530284E+07
8.19326116E+06
2.23363541E+06
6.66668479E+05
2.13560768E+05
7.26609116E+04
2.61497270E+04
9.95895657E+03
4.02149447E+03
1.72024978E+03
7.74341517E+02
3.63918740E+02
1.77154011E+02
8.93304316E+01
4.60633066E+01
2.31437267E+01
1.21213084E+01
5.81687564E+00
2.81325755E+00
1.10116802E+00
4.53081283E-01
1.41490828E-01
3.90381015E-02
   16    0    0
3.36244094E+04
8.11206481E+03
2.71167072E+03
1.08159684E+03
4.80816280E+02
2.29844293E+02
1.14964130E+02
5.91677650E+01
3.04593460E+01
1.58135035E+01
8.07766975E+00
4.02028359E+00
1.86433253E+00
6.94567782E-01
2.43406338E-01
7.47158437E-02
   12    0    0
1.05966202E+03
3.54997022E+02
1.49176136E+02
6.92095969E+01
3.37084259E+01
1.67222944E+01
8.23133872E+00
3.90180233E+00
1.73765689E+00
7.02848600E-01
2.25986687E-01
7.74287040E-02



** Available from the Dirac web site, http://dirac.chem.sdu.dk **