20
  86583774.10840315      0
  19240838.690756254      0
  6413612.896918751         1
  2137870.9656395838         2
  712623.6552131946         2
  237541.21840439818         2
  79180.4061347994         2
  26393.4687115998         2
  8797.8229038666         3
  2932.6076346222         3
  977.5358782074         3
  325.8452927358         3
  108.6150975786         4
  36.2050325262         4
  12.0683441754         4
  4.0227813918         5
  1.3409271306         5
  0.4469757102         4
  0.1489919034         2
  0.04966396779999999         2
