31
  106652558.74529853      2
  26663139.686324634      2
  13331569.843162317         2
  6665784.921581158         2
  3332892.460790579         2
  1666446.2303952896         2
  833223.1151976448         2
  416611.5575988224         2
  208305.7787994112         2
  104152.8893997056         2
  52076.4446998528         2
  26038.2223499264         2
  13019.1111749632         2
  6509.5555874816         4
  3254.7777937408         4
  1627.3888968704         4
  813.6944484352         4
  406.8472242176         4
  203.4236121088         4
  101.7118060544         4
  50.8559030272         4
  25.4279515136         4
  12.7139757568         4
  6.3569878784         4
  3.1784939392         4
  1.5892469696         4
  0.7946234848         4
  0.3973117424         4
  0.1986558712         4
  0.0993279356         2
  0.0496639678         2
