20
  43889660.151534475      0
  9753257.811452106      0
  3251085.937150702         3
  1083695.3123835672         3
  361231.7707945224         3
  120410.59026484081         3
  40136.863421613605         4
  13378.954473871201         4
  4459.6514912904         4
  1486.5504970968002         4
  495.51683236560007         5
  165.17227745520003         5
  55.05742581840001         5
  18.352475272800003         7
  6.117491757600001         8
  2.0391639192000004         8
  0.6797213064000002         7
  0.22657376880000005         5
  0.07552458960000001         3
  0.025174863200000005         3
