20
  43889660.151534475      0
  9753257.811452106      0
  3251085.937150702         2
  1083695.3123835672         2
  361231.7707945224         2
  120410.59026484081         2
  40136.863421613605         3
  13378.954473871201         3
  4459.6514912904         3
  1486.5504970968002         3
  495.51683236560007         4
  165.17227745520003         4
  55.05742581840001         4
  18.352475272800003         6
  6.117491757600001         7
  2.0391639192000004         7
  0.6797213064000002         6
  0.22657376880000005         4
  0.07552458960000001         2
  0.025174863200000005         2
