20
  86583774.10840315      0
  19240838.690756254      0
  6413612.896918751         2
  2137870.9656395838         3
  712623.6552131946         3
  237541.21840439818         3
  79180.4061347994         3
  26393.4687115998         3
  8797.8229038666         4
  2932.6076346222         4
  977.5358782074         4
  325.8452927358         4
  108.6150975786         5
  36.2050325262         5
  12.0683441754         5
  4.0227813918         6
  1.3409271306         6
  0.4469757102         5
  0.1489919034         3
  0.04966396779999999         3
