20
  65543629.6461391      0
  14565251.032475354      0
  4855083.677491785         3
  1618361.225830595         3
  539453.7419435317         3
  179817.91398117723         3
  59939.30466039241         3
  19979.7682201308         4
  6659.9227400436         4
  2219.9742466812         4
  739.9914155604         5
  246.6638051868         5
  82.2212683956         5
  27.407089465200002         5
  9.1356964884         7
  3.0452321628         7
  1.0150773876         6
  0.33835912920000005         5
  0.11278637640000001         4
  0.0375954588         3
