20
  86583774.10840315      2
  19240838.690756254      2
  6413612.896918751         2
  2137870.9656395838         2
  712623.6552131946         2
  237541.21840439818         2
  79180.4061347994         2
  26393.4687115998         2
  8797.8229038666         4
  2932.6076346222         4
  977.5358782074         4
  325.8452927358         4
  108.6150975786         4
  36.2050325262         4
  12.0683441754         4
  4.0227813918         4
  1.3409271306         4
  0.4469757102         4
  0.1489919034         2
  0.04966396779999999         2
