6
   37    0    0
5.59554812E+07
1.48937958E+07
5.08953066E+06
1.93143307E+06
8.04519941E+05
3.55639623E+05
1.66148017E+05
8.10344156E+04
4.12864708E+04
2.20313890E+04
1.25904251E+04
7.79362074E+03
4.84493148E+03
2.90090977E+03
1.73684979E+03
1.07190189E+03
6.85791027E+02
4.39087518E+02
2.72509475E+02
1.64938670E+02
9.76318598E+01
6.02353099E+01
3.66493879E+01
2.23450390E+01
1.41244386E+01
8.88138372E+00
5.52450418E+00
3.34121674E+00
2.01479580E+00
1.25272383E+00
7.63565362E-01
4.59924356E-01
2.62191896E-01
1.25468490E-01
6.67016191E-02
3.38042496E-02
1.70591870E-02
   34    0    0
7.83292177E+07
3.00588635E+07
1.16137153E+07
4.67072901E+06
1.94181845E+06
8.31316225E+05
3.65243448E+05
1.64404153E+05
7.57258375E+04
3.56798451E+04
1.72069039E+04
8.50634285E+03
4.31708109E+03
2.25046297E+03
1.20370939E+03
6.59087450E+02
3.68760461E+02
2.09776472E+02
1.20877805E+02
7.10115290E+01
4.19275706E+01
2.46877345E+01
1.46510668E+01
8.69006623E+00
5.05755316E+00
2.89503140E+00
1.61778971E+00
8.65522740E-01
4.53510730E-01
2.35442461E-01
1.14479717E-01
5.56367995E-02
2.64830762E-02
1.25729449E-02
   24    0    0
6.41043427E+05
1.47990698E+05
4.62308149E+04
1.70936280E+04
7.10646505E+03
3.22810923E+03
1.57255392E+03
8.09296730E+02
4.34410816E+02
2.41223272E+02
1.37144102E+02
7.94669687E+01
4.64862418E+01
2.71899786E+01
1.59076782E+01
9.31014587E+00
5.39049862E+00
3.04700544E+00
1.67487438E+00
8.80108560E-01
4.12814010E-01
1.84574129E-01
7.91359414E-02
3.22836169E-02
   16    0    0
2.23445654E+03
7.43994922E+02
3.13804417E+02
1.49550798E+02
7.59535853E+01
4.02394391E+01
2.16372366E+01
1.17063935E+01
6.25951727E+00
3.23117075E+00
1.60790161E+00
7.59646976E-01
3.34219087E-01
1.29812532E-01
9.96480930E-02
5.55195800E-02
    7    0    0
5.08356180E+00
1.98387560E+00
9.47341700E-01
7.26077540E-01
4.16849050E-01
1.41018840E-01
7.85695610E-02
    5    0    0
4.84596970E+00
3.61121990E+00
1.27370350E+00
2.24476300E-01
1.25068420E-01
    2    0    0
2.94199580E+00
5.06615800E-01



** Available from the Dirac web site, http://dirac.chem.sdu.dk **