5
   33    0    0
5.59425318E+07
1.48877318E+07
5.08640623E+06
1.92983114E+06
8.03442517E+05
3.54804705E+05
1.65341722E+05
8.02133179E+04
4.03570351E+04
2.08978593E+04
1.10836962E+04
5.98591402E+03
3.28026559E+03
1.81827580E+03
1.01722480E+03
5.71256660E+02
3.26150908E+02
1.87948006E+02
1.08817968E+02
6.57541269E+01
3.96968518E+01
2.42995167E+01
1.48912948E+01
9.14815037E+00
5.37671763E+00
3.16508784E+00
1.80583696E+00
9.86852985E-01
5.25690722E-01
2.70683885E-01
8.74500205E-02
4.18745842E-02
1.96811030E-02
   29    0    0
5.58688536E+07
1.71487394E+07
5.60905492E+06
1.95444121E+06
7.16022497E+05
2.73794173E+05
1.08774144E+05
4.48083166E+04
1.91399942E+04
8.49055325E+03
3.91664127E+03
1.87797590E+03
9.32831844E+02
4.77807474E+02
2.51942825E+02
1.36059868E+02
7.52647101E+01
4.21528748E+01
2.34084125E+01
1.31693485E+01
7.36302754E+00
4.02795419E+00
2.14150287E+00
1.05884148E+00
5.11340415E-01
2.39285169E-01
9.09735894E-02
3.92856047E-02
1.62680572E-02
   20    0    0
1.30425911E+05
3.05332532E+04
9.81176845E+03
3.77127553E+03
1.63700147E+03
7.74274766E+02
3.89209414E+02
2.04791765E+02
1.11045186E+02
6.16773178E+01
3.44886394E+01
1.90982913E+01
1.06520422E+01
5.86578891E+00
3.13976115E+00
1.61998242E+00
7.82990509E-01
3.22925955E-01
1.24205843E-01
4.43691871E-02
   13    0    0
1.25020666E+03
4.19832062E+02
1.77639835E+02
8.34258353E+01
4.15907632E+01
2.11812568E+01
1.08553719E+01
5.46024264E+00
2.62053827E+00
1.18928941E+00
4.96770112E-01
1.80381137E-01
6.74230990E-02
    4    0    0
3.67840860E+00
1.17584270E+00
1.95448790E-01
1.08895600E-01
    2    0    0
2.43880730E+00
4.19966010E-01



** Available from the Dirac web site, http://dirac.chem.sdu.dk **