4
   26    0    0
5.54536965E+07
1.46221633E+07
4.89226158E+06
1.78991079E+06
7.02352826E+05
2.86774268E+05
1.21221394E+05
5.26638851E+04
2.34740196E+04
1.07091310E+04
4.99420501E+03
2.37813256E+03
1.15483515E+03
5.59175064E+02
2.83755190E+02
1.47748966E+02
7.40828207E+01
3.95617280E+01
1.88515642E+01
1.03090998E+01
4.44173878E+00
2.34429561E+00
8.15300930E-01
3.61901579E-01
6.54806972E-02
2.63200499E-02
   23    0    0
2.95208090E+07
6.53684375E+06
1.69450941E+06
4.87993389E+05
1.52570615E+05
5.11755360E+04
1.83381550E+04
7.02104683E+03
2.87057417E+03
1.24717775E+03
5.70073903E+02
2.71408318E+02
1.32767281E+02
6.74512247E+01
3.47442814E+01
1.74650458E+01
9.05504694E+00
4.28026706E+00
2.05096780E+00
7.66785439E-01
3.03006328E-01
7.08815552E-02
2.49280983E-02
   17    0    0
4.06805433E+04
9.79737916E+03
3.26910079E+03
1.30363468E+03
5.81197593E+02
2.79167515E+02
1.40871722E+02
7.35472800E+01
3.89431336E+01
2.04706806E+01
1.08292439E+01
5.58921149E+00
2.81372126E+00
1.33004091E+00
5.17601711E-01
1.85236482E-01
5.92636720E-02
   12    0    0
6.91769159E+02
2.33261776E+02
9.74404394E+01
4.47123577E+01
2.12436300E+01
1.01556629E+01
4.66217654E+00
2.02776822E+00
8.04257797E-01
2.71613275E-01
1.21012862E-01
6.74230990E-02
    2    0    0
2.20863110E+00
3.80329350E-01



** Available from the Dirac web site, http://dirac.chem.sdu.dk **