20
  69744194.37922469      0
  15498709.86204993      0
  5166236.62068331         2
  1722078.8735611031         2
  574026.2911870343         3
  191342.09706234478         3
  63780.69902078159         3
  21260.233006927196         3
  7086.744335642398         3
  2362.2481118807996         3
  787.4160372935999         4
  262.47201243119997         4
  87.49067081039999         4
  29.163556936799996         4
  9.721185645599999         5
  3.2403952151999995         7
  1.0801317383999998         6
  0.3600439127999999         5
  0.12001463759999997         3
  0.04000487919999999         3
