25
  2551609.4487789567      2
  637902.3621947392      2
  318951.1810973696         2
  159475.5905486848         2
  79737.7952743424         2
  39868.8976371712         2
  19934.4488185856         2
  9967.2244092928         2
  4983.6122046464         2
  2491.8061023232         2
  1245.9030511616         2
  622.9515255808         2
  311.4757627904         2
  155.7378813952         2
  77.8689406976         4
  38.9344703488         4
  19.4672351744         4
  9.7336175872         4
  4.8668087936         4
  2.4334043968         4
  1.2167021984         4
  0.6083510992         4
  0.3041755496         2
  0.1520877748         2
  0.0760438874         2
