20
  69744194.37922469      0
  15498709.86204993      0
  5166236.62068331         1
  1722078.8735611031         1
  574026.2911870343         2
  191342.09706234478         2
  63780.69902078159         2
  21260.233006927196         2
  7086.744335642398         2
  2362.2481118807996         2
  787.4160372935999         3
  262.47201243119997         3
  87.49067081039999         3
  29.163556936799996         3
  9.721185645599999         4
  3.2403952151999995         6
  1.0801317383999998         5
  0.3600439127999999         4
  0.12001463759999997         2
  0.04000487919999999         2
