19
  28042716.685590014      0
  6231714.819020003      0
  2077238.2730066676         2
  692412.7576688892         2
  230804.25255629641         2
  76934.7508520988         2
  25644.9169506996         3
  8548.3056502332         3
  2849.4352167444         3
  949.8117389148         3
  316.6039129716         4
  105.5346376572         4
  35.1782125524         4
  11.7260708508         4
  3.9086902836         5
  1.3028967612         6
  0.4342989204         4
  0.1447663068         3
  0.0482554356         3
