6
   37    0    0
5.54849557E+07
1.47659838E+07
5.04296265E+06
1.91184855E+06
7.95438224E+05
3.51092766E+05
1.63668714E+05
7.95297733E+04
4.02286996E+04
2.11217130E+04
1.16255352E+04
6.98572601E+03
4.71724264E+03
2.99936957E+03
1.81187293E+03
1.12419913E+03
7.35787341E+02
4.75566629E+02
2.92689417E+02
1.75826886E+02
1.03657930E+02
6.45801989E+01
3.98331160E+01
2.46088512E+01
1.56902917E+01
1.00799999E+01
6.68340842E+00
3.97181623E+00
2.37000990E+00
1.33184325E+00
7.96858167E-01
4.76270559E-01
2.74032505E-01
1.24105669E-01
6.66632769E-02
3.40599179E-02
1.72760131E-02
   34    0    0
7.85462648E+07
3.03466000E+07
1.17774129E+07
4.75584115E+06
1.98603870E+06
8.53837014E+05
3.76095319E+05
1.69348352E+05
7.79327631E+04
3.66722905E+04
1.76537097E+04
8.70311374E+03
4.40131744E+03
2.28687334E+03
1.22061715E+03
6.67813789E+02
3.73652593E+02
2.12631976E+02
1.22625608E+02
7.22079516E+01
4.26606040E+01
2.50771648E+01
1.49672576E+01
8.91515139E+00
5.22675060E+00
3.01335846E+00
1.69344691E+00
9.08164251E-01
4.76395054E-01
2.47155742E-01
1.20600603E-01
5.80017218E-02
2.73832283E-02
1.28880354E-02
   24    0    0
6.52262777E+05
1.50364105E+05
4.69338196E+04
1.73370914E+04
7.19616026E+03
3.26446759E+03
1.58843030E+03
8.16604204E+02
4.38171117E+02
2.43286979E+02
1.38213007E+02
7.99949744E+01
4.66629528E+01
2.71880666E+01
1.59256062E+01
9.32684170E+00
5.39730395E+00
3.05313097E+00
1.67428377E+00
8.75356689E-01
4.09131345E-01
1.81585401E-01
7.72356803E-02
3.12392557E-02
   16    0    0
2.40548103E+03
7.98786534E+02
3.36453618E+02
1.60249675E+02
8.14064762E+01
4.31651381E+01
2.32505996E+01
1.26208133E+01
6.78307250E+00
3.52866208E+00
1.76990695E+00
8.43067828E-01
3.74173239E-01
1.46825710E-01
1.05988120E-01
5.26077220E-02
    6    0    0
5.69079700E+00
2.25398800E+00
8.34148390E-01
5.42142060E-01
1.60346760E-01
7.95889000E-02
    4    0    0
4.18267240E+00
1.53708670E+00
2.38280430E-01
1.18271700E-01
    2    0    0
3.35034960E+00
5.82338400E-01



** Available from the Dirac web site, http://dirac.chem.sdu.dk **