4
   26    0    0
5.50901499E+07
1.45530426E+07
4.88557127E+06
1.79609361E+06
7.09318104E+05
2.91533016E+05
1.24012379E+05
5.41686625E+04
2.42536963E+04
1.11041373E+04
5.19253841E+03
2.47768550E+03
1.20547114E+03
5.85534195E+02
2.97440537E+02
1.55138467E+02
7.82974858E+01
4.18825772E+01
2.00369734E+01
1.10194510E+01
4.81221102E+00
2.53180927E+00
8.84057927E-01
3.88806476E-01
6.87554102E-02
2.74059928E-02
   23    0    0
3.07175264E+07
6.93815224E+06
1.82139191E+06
5.29083682E+05
1.66336677E+05
5.59511629E+04
2.00529013E+04
7.66004696E+03
3.11949461E+03
1.34918890E+03
6.14010808E+02
2.91228482E+02
1.42151753E+02
7.20389761E+01
3.70631797E+01
1.86199320E+01
9.67165459E+00
4.58902591E+00
2.19440885E+00
8.19293706E-01
3.20541501E-01
7.51685039E-02
2.59534679E-02
   17    0    0
4.37563555E+04
1.04999190E+04
3.48896376E+03
1.38623724E+03
6.16255099E+02
2.95369498E+02
1.48822339E+02
7.76224677E+01
4.10798230E+01
2.15963658E+01
1.14438661E+01
5.91192057E+00
2.97278447E+00
1.39893646E+00
5.31532151E-01
1.86542475E-01
5.85234430E-02
   12    0    0
7.35643770E+02
2.47791737E+02
1.03511896E+02
4.75397318E+01
2.26304832E+01
1.08685478E+01
5.01996824E+00
2.20455009E+00
8.83568793E-01
3.02019204E-01
1.29419877E-01
6.42381890E-02
    2    0    0
2.51441680E+00
4.37041350E-01



** Available from the Dirac web site, http://dirac.chem.sdu.dk **