5
   33    0    0
5.54821004E+07
1.47647322E+07
5.04183250E+06
1.91084906E+06
7.94437385E+05
3.50225814E+05
1.62920456E+05
7.88990464E+04
3.96329763E+04
2.05022371E+04
1.08800168E+04
5.89128677E+03
3.24229447E+03
1.80745237E+03
1.01877928E+03
5.77805695E+02
3.32942023E+02
1.93623502E+02
1.13186248E+02
6.82910174E+01
4.07209510E+01
2.38377136E+01
1.44866008E+01
8.67920720E+00
5.13464122E+00
2.95784230E+00
1.63870344E+00
8.92365899E-01
4.74982401E-01
2.49178877E-01
9.28522947E-02
4.34718138E-02
2.03187490E-02
   29    0    0
5.69718433E+07
1.77861949E+07
5.88759572E+06
2.07103449E+06
7.64479238E+05
2.94055279E+05
1.17338368E+05
4.84763833E+04
2.07342083E+04
9.19573576E+03
4.23569287E+03
2.02641670E+03
1.00404499E+03
5.13005785E+02
2.69942352E+02
1.45568724E+02
8.04043832E+01
4.49908791E+01
2.49749726E+01
1.40672266E+01
7.87666798E+00
4.31153993E+00
2.28788138E+00
1.12676369E+00
5.41113237E-01
2.51581112E-01
9.53940675E-02
4.07518744E-02
1.67196035E-02
   20    0    0
1.37196026E+05
3.20611447E+04
1.02753123E+04
3.93806506E+03
1.70485059E+03
8.04431579E+02
4.03549598E+02
2.11960714E+02
1.14770801E+02
6.36636402E+01
3.55678698E+01
1.96987016E+01
1.09904370E+01
6.04649450E+00
3.22670558E+00
1.65178706E+00
7.84168073E-01
3.21109113E-01
1.22065358E-01
4.30916326E-02
   13    0    0
1.33580165E+03
4.47743675E+02
1.89301017E+02
8.89166195E+01
4.43634165E+01
2.26317927E+01
1.16398091E+01
5.88388387E+00
2.84943099E+00
1.30528420E+00
5.50590247E-01
2.02297123E-01
6.42381890E-02
    4    0    0
4.13978070E+00
1.34081370E+00
1.97873010E-01
9.82152400E-02
    2    0    0
2.79924370E+00
4.86548330E-01



** Available from the Dirac web site, http://dirac.chem.sdu.dk **