21
  103120841.08543989      0
  22915742.463431086      0
  7638580.821143695         3
  2546193.607047898         3
  848731.2023492994         3
  282910.4007830998         4
  94303.46692769993         4
  31434.488975899978         4
  10478.16299196666         4
  3492.72099732222         5
  1164.2403324407398         5
  388.08011081357995         5
  129.36003693785997         5
  43.12001231261999         5
  14.373337437539996         5
  4.791112479179999         5
  1.5970374930599995         5
  0.5323458310199999         6
  0.17744861033999995         4
  0.059149536779999984         3
  0.019716512259999996         3
