31
  81247186.38033797      2
  20311796.595084492      2
  10155898.297542246         2
  5077949.148771123         2
  2538974.5743855615         2
  1269487.2871927808         2
  634743.6435963904         2
  317371.8217981952         2
  158685.9108990976         2
  79342.9554495488         2
  39671.4777247744         2
  19835.7388623872         4
  9917.8694311936         4
  4958.9347155968         4
  2479.4673577984         4
  1239.7336788992         4
  619.8668394496         4
  309.9334197248         4
  154.9667098624         4
  77.4833549312         4
  38.7416774656         4
  19.3708387328         4
  9.6854193664         4
  4.8427096832         4
  2.4213548416         4
  1.2106774208         4
  0.6053387104         4
  0.3026693552         4
  0.1513346776         2
  0.0756673388         2
  0.0378336694         2
