20
  43572381.25100079      0
  9682751.389111288      0
  3227583.7963704295         3
  1075861.26545681         3
  358620.42181893665         3
  119540.14060631221         3
  39846.713535437404         4
  13282.2378451458         4
  4427.4126150486         4
  1475.8042050162         5
  491.9347350054         5
  163.9782450018         5
  54.6594150006         5
  18.2198050002         5
  6.073268333400001         5
  2.0244227778000004         5
  0.6748075926000001         5
  0.22493586420000003         5
  0.07497862140000001         3
  0.024992873800000006         3
