20
  65958924.14825551      0
  14657538.699612336      0
  4885846.233204112         3
  1628615.4110680374         3
  542871.8036893458         3
  180957.2678964486         3
  60319.0892988162         3
  20106.3630996054         4
  6702.121033201801         4
  2234.0403444006         4
  744.6801148002         5
  248.22670493340001         5
  82.74223497780001         5
  27.580744992600003         5
  9.193581664200002         5
  3.0645272214000006         4
  1.0215090738000001         4
  0.34050302460000004         4
  0.11350100820000002         3
  0.037833669400000006         3
