20
  65958924.14825551      0
  14657538.699612336      0
  4885846.233204112         2
  1628615.4110680374         2
  542871.8036893458         2
  180957.2678964486         2
  60319.0892988162         2
  20106.3630996054         3
  6702.121033201801         3
  2234.0403444006         3
  744.6801148002         4
  248.22670493340001         4
  82.74223497780001         4
  27.580744992600003         4
  9.193581664200002         4
  3.0645272214000006         3
  1.0215090738000001         3
  0.34050302460000004         3
  0.11350100820000002         2
  0.037833669400000006         2
