21
  103120841.08543989      0
  22915742.463431086      0
  7638580.821143695         2
  2546193.607047898         2
  848731.2023492994         2
  282910.4007830998         3
  94303.46692769993         3
  31434.488975899978         3
  10478.16299196666         3
  3492.72099732222         4
  1164.2403324407398         4
  388.08011081357995         4
  129.36003693785997         4
  43.12001231261999         4
  14.373337437539996         4
  4.791112479179999         4
  1.5970374930599995         4
  0.5323458310199999         5
  0.17744861033999995         3
  0.059149536779999984         2
  0.019716512259999996         2
