30
  98296962.93767741      2
  24574240.734419353      2
  12287120.367209677         2
  6143560.183604838         2
  3071780.091802419         2
  1535890.0459012096         2
  767945.0229506048         2
  383972.5114753024         2
  191986.2557376512         2
  95993.1278688256         2
  47996.5639344128         4
  23998.2819672064         4
  11999.1409836032         4
  5999.5704918016         4
  2999.7852459008         4
  1499.8926229504         4
  749.9463114752         4
  374.9731557376         4
  187.4865778688         4
  93.7432889344         4
  46.8716444672         4
  23.4358222336         4
  11.7179111168         4
  5.8589555584         4
  2.9294777792         4
  1.4647388896         4
  0.7323694448         4
  0.3661847224         4
  0.1830923612         2
  0.0915461806         2
