20
  51116119.84728396      0
  11359137.74384088      0
  3786379.2479469604         3
  1262126.4159823202         4
  420708.8053274401         4
  140236.26844248004         4
  46745.42281416001         4
  15581.807604720003         4
  5193.935868240001         5
  1731.3119560800003         5
  577.1039853600001         5
  192.36799512000005         5
  64.12266504000002         5
  21.374221680000005         5
  7.124740560000002         5
  2.3749135200000007         6
  0.7916378400000003         7
  0.2638792800000001         6
  0.08795976000000004         3
  0.029319920000000013         3
