20
  85073474.83982377      0
  18905216.631071948      0
  6301738.877023983         3
  2100579.625674661         3
  700193.2085582203         3
  233397.73618607342         4
  77799.24539535781         4
  25933.081798452604         4
  8644.360599484202         4
  2881.4535331614006         5
  960.4845110538002         5
  320.16150368460006         5
  106.72050122820002         5
  35.573500409400005         5
  11.857833469800001         5
  3.9526111566         5
  1.3175370522         5
  0.43917901740000004         6
  0.1463930058         3
  0.0487976686         3
