20
  51116119.84728396      0
  11359137.74384088      0
  3786379.2479469604         2
  1262126.4159823202         3
  420708.8053274401         3
  140236.26844248004         3
  46745.42281416001         3
  15581.807604720003         3
  5193.935868240001         4
  1731.3119560800003         4
  577.1039853600001         4
  192.36799512000005         4
  64.12266504000002         4
  21.374221680000005         4
  7.124740560000002         4
  2.3749135200000007         5
  0.7916378400000003         6
  0.2638792800000001         5
  0.08795976000000004         2
  0.029319920000000013         2
