19
  53200299.081201464      2
  11822288.684711436      2
  3940762.894903812         2
  1313587.631634604         2
  437862.54387820134         2
  145954.1812927338         2
  48651.393764244596         4
  16217.1312547482         4
  5405.7104182493995         4
  1801.9034727498         4
  600.6344909165999         4
  200.21149697219997         4
  66.73716565739998         4
  22.245721885799995         4
  7.4152406285999986         4
  2.4717468761999997         4
  0.8239156253999999         4
  0.27463854179999997         4
  0.09154618059999999         2
