19
  53200299.081201464      0
  11822288.684711436      0
  3940762.894903812         3
  1313587.631634604         3
  437862.54387820134         3
  145954.1812927338         3
  48651.393764244596         4
  16217.1312547482         4
  5405.7104182493995         4
  1801.9034727498         5
  600.6344909165999         5
  200.21149697219997         5
  66.73716565739998         5
  22.245721885799995         5
  7.4152406285999986         5
  2.4717468761999997         5
  0.8239156253999999         5
  0.27463854179999997         4
  0.09154618059999999         3
