4
   18    0    0
7.56072387E+05
1.07166186E+05
2.36847494E+04
6.59103521E+03
2.12590094E+03
7.61584435E+02
2.95427652E+02
1.22051893E+02
5.30749252E+01
2.40605463E+01
1.12712665E+01
5.42574602E+00
2.67396455E+00
1.32316932E+00
5.54225866E-01
2.57775620E-01
1.18712909E-01
5.44384317E-02
   10    0    0
1.95538684E+02
4.60198960E+01
1.48258236E+01
5.52070355E+00
2.22648436E+00
9.60233816E-01
4.32053028E-01
1.97221154E-01
9.04348027E-02
4.06776999E-02
    3    0    0
9.97271011E-01
3.84044416E-01
1.42913684E-01
    2    0    0
9.23442122E-01
3.60219107E-01
    1    0    0
6.69308844E-01



** Available from the Dirac web site, http://dirac.chem.sdu.dk **