3
   14    0    0
8.93788253E+04
1.30256081E+04
2.91729099E+03
8.17438240E+02
2.64585452E+02
9.49405228E+01
3.68250561E+01
1.51497839E+01
6.52312620E+00
2.92666937E+00
1.34129377E+00
4.40073325E-01
1.76036838E-01
7.03056262E-02
    8    0    0
6.97655497E+01
1.64212537E+01
5.13895437E+00
1.82762281E+00
7.15187932E-01
2.92743428E-01
1.21335758E-01
4.96664366E-02
    2    0    0
6.35833271E-01
1.92979801E-01
    1    0    0
5.29163721E-01



** Available from the Dirac web site, http://dirac.chem.sdu.dk **