20
  83389143.18822166      0
  18530920.708493702      0
  6176973.569497901         2
  2058991.1898326336         2
  686330.3966108778         2
  228776.7988702926         2
  76258.9329567642         2
  25419.6443189214         3
  8473.2147729738         3
  2824.4049243246004         3
  941.4683081082002         4
  313.8227693694001         4
  104.60758978980003         4
  34.86919659660001         4
  11.623065532200004         4
  3.8743551774000013         4
  1.2914517258000004         5
  0.43048390860000013         4
  0.14349463620000005         4
  0.047831545400000015         2
