20
  83389143.18822166      0
  18530920.708493702      0
  6176973.569497901         3
  2058991.1898326336         3
  686330.3966108778         3
  228776.7988702926         3
  76258.9329567642         3
  25419.6443189214         4
  8473.2147729738         4
  2824.4049243246004         4
  941.4683081082002         5
  313.8227693694001         5
  104.60758978980003         5
  34.86919659660001         5
  11.623065532200004         5
  3.8743551774000013         5
  1.2914517258000004         6
  0.43048390860000013         5
  0.14349463620000005         5
  0.047831545400000015         3
