20
  55016063.09495476      0
  12225791.798878836      0
  4075263.932959612         3
  1358421.3109865373         3
  452807.1036621791         3
  150935.70122072636         4
  50311.90040690879         4
  16770.633468969598         4
  5590.211156323199         4
  1863.4037187743997         5
  621.1345729248         5
  207.04485764159998         5
  69.0149525472         5
  23.004984182399998         5
  7.6683280607999995         5
  2.5561093535999997         7
  0.8520364511999999         7
  0.2840121504         6
  0.0946707168         4
  0.0315569056         3
