21
  132076013.71843855      0
  29350225.270764124      0
  9783408.423588041         2
  3261136.141196014         2
  1087045.3803986714         3
  362348.46013289044         3
  120782.82004429681         3
  40260.940014765605         3
  13420.313338255202         3
  4473.437779418401         3
  1491.1459264728003         4
  497.0486421576001         4
  165.68288071920003         4
  55.22762690640001         4
  18.409208968800005         4
  6.136402989600001         6
  2.0454676632000006         7
  0.6818225544000002         6
  0.22727418480000006         5
  0.07575806160000002         3
  0.02525268720000001         2
