21
  132076013.71843855      0
  29350225.270764124      0
  9783408.423588041         3
  3261136.141196014         3
  1087045.3803986714         4
  362348.46013289044         4
  120782.82004429681         4
  40260.940014765605         4
  13420.313338255202         4
  4473.437779418401         4
  1491.1459264728003         5
  497.0486421576001         5
  165.68288071920003         5
  55.22762690640001         5
  18.409208968800005         5
  6.136402989600001         7
  2.0454676632000006         8
  0.6818225544000002         7
  0.22727418480000006         6
  0.07575806160000002         4
  0.02525268720000001         3
