31
  102717461.60506962      2
  25679365.401267406      2
  12839682.700633703         2
  6419841.350316851         2
  3209920.6751584257         2
  1604960.3375792128         2
  802480.1687896064         2
  401240.0843948032         2
  200620.0421974016         2
  100310.0210987008         2
  50155.0105493504         4
  25077.5052746752         4
  12538.7526373376         4
  6269.3763186688         4
  3134.6881593344         4
  1567.3440796672         4
  783.6720398336         4
  391.8360199168         4
  195.9180099584         4
  97.9590049792         4
  48.9795024896         4
  24.4897512448         4
  12.2448756224         4
  6.1224378112         4
  3.0612189056         4
  1.5306094528         4
  0.7653047264         4
  0.3826523632         4
  0.1913261816         4
  0.0956630908         2
  0.0478315454         2
