19
  32023803.333805576      0
  7116400.740845684      0
  2372133.5802818947         3
  790711.1934272982         3
  263570.3978090994         3
  87856.7992696998         4
  29285.5997565666         4
  9761.8665855222         4
  3253.9555285074002         4
  1084.6518428358002         5
  361.55061427860005         5
  120.51687142620001         5
  40.172290475400004         5
  13.390763491800001         5
  4.463587830600001         6
  1.4878626102000003         6
  0.4959542034000001         5
  0.16531806780000005         5
  0.05510602260000002         3
