19
  32023803.333805576      2
  7116400.740845684      2
  2372133.5802818947         2
  790711.1934272982         2
  263570.3978090994         2
  87856.7992696998         4
  29285.5997565666         4
  9761.8665855222         4
  3253.9555285074002         4
  1084.6518428358002         4
  361.55061427860005         4
  120.51687142620001         4
  40.172290475400004         4
  13.390763491800001         4
  4.463587830600001         4
  1.4878626102000003         4
  0.4959542034000001         4
  0.16531806780000005         4
  0.05510602260000002         2
