20
  55975333.2722203      0
  12438962.949382288      0
  4146320.9831274296         3
  1382106.9943758098         3
  460702.33145860326         3
  153567.4438195344         4
  51189.14793984481         4
  17063.0493132816         4
  5687.6831044272         4
  1895.8943681424         5
  631.9647893808         5
  210.6549297936         5
  70.2183099312         5
  23.4061033104         5
  7.8020344368         6
  2.6006781456         7
  0.8668927152         6
  0.2889642384         6
  0.0963214128         4
  0.0321071376         3
