20
  46146817.82977642      0
  10254848.406616982      0
  3418282.802205661         2
  1139427.6007352204         3
  379809.2002450735         3
  126603.06674835783         3
  42201.02224945261         3
  14067.007416484203         3
  4689.002472161401         4
  1563.0008240538002         4
  521.0002746846001         4
  173.66675822820002         4
  57.88891940940001         4
  19.296306469800005         4
  6.432102156600002         7
  2.1440340522000008         7
  0.7146780174000003         6
  0.23822600580000008         6
  0.07940866860000002         3
  0.026469556200000008         2
