20
  46146817.82977642      0
  10254848.406616982      0
  3418282.802205661         3
  1139427.6007352204         4
  379809.2002450735         4
  126603.06674835783         4
  42201.02224945261         4
  14067.007416484203         4
  4689.002472161401         5
  1563.0008240538002         5
  521.0002746846001         5
  173.66675822820002         5
  57.88891940940001         5
  19.296306469800005         5
  6.432102156600002         8
  2.1440340522000008         8
  0.7146780174000003         7
  0.23822600580000008         7
  0.07940866860000002         4
  0.026469556200000008         3
