31
  118339282.43981844      2
  29584820.60995461      2
  14792410.304977305         2
  7396205.152488653         2
  3698102.5762443263         2
  1849051.2881221632         2
  924525.6440610816         2
  462262.8220305408         2
  231131.4110152704         2
  115565.7055076352         2
  57782.8527538176         4
  28891.4263769088         4
  14445.7131884544         4
  7222.8565942272         4
  3611.4282971136         4
  1805.7141485568         4
  902.8570742784         4
  451.4285371392         4
  225.7142685696         4
  112.8571342848         4
  56.4285671424         4
  28.2142835712         4
  14.1071417856         4
  7.0535708928         4
  3.5267854464         4
  1.7633927232         4
  0.8816963616         4
  0.4408481808         4
  0.2204240904         4
  0.1102120452         2
  0.0551060226         2
