5
   30    0    0
6.87175024E+07
1.81478006E+07
6.11848266E+06
2.27282249E+06
9.09938332E+05
3.81292834E+05
1.66154519E+05
7.47549352E+04
3.46398929E+04
1.64889239E+04
8.04888883E+03
4.02150713E+03
2.05272476E+03
1.06834806E+03
5.65599222E+02
3.03658772E+02
1.63111939E+02
8.96371902E+01
4.95299344E+01
2.65375837E+01
1.52088400E+01
8.53447204E+00
4.52094987E+00
2.42309452E+00
1.14510421E+00
6.03901476E-01
2.96523127E-01
8.80718328E-02
4.36961953E-02
2.05599358E-02
   24    0    0
1.53761613E+07
2.65872244E+06
6.00938483E+05
1.60125722E+05
4.84231967E+04
1.63345255E+04
6.08995975E+03
2.48019393E+03
1.08708837E+03
5.05481093E+02
2.45845356E+02
1.23826046E+02
6.39263616E+01
3.34319933E+01
1.80057929E+01
9.66924386E+00
5.06457591E+00
2.61644665E+00
1.25101039E+00
6.04731310E-01
2.81103853E-01
1.02553629E-01
4.45319326E-02
1.83470321E-02
   16    0    0
1.14846041E+04
2.97595110E+03
1.06282433E+03
4.47111587E+02
2.07490578E+02
1.02590260E+02
5.28708918E+01
2.79070537E+01
1.49670355E+01
7.96738892E+00
4.13858800E+00
2.09418772E+00
9.97145825E-01
4.12702649E-01
1.60297727E-01
5.75060917E-02
   11    0    0
3.47435339E+02
1.18842311E+02
5.04694068E+01
2.33732468E+01
1.14245701E+01
5.67175009E+00
2.78383303E+00
1.32321205E+00
5.92445597E-01
2.36782862E-01
9.46350583E-02
    3    0    0
7.86364320E+00
2.27041570E+00
3.70606110E-01
    2    0    0
4.44128460E+00
7.24962920E-01



** Available from the Dirac web site, http://dirac.chem.sdu.dk **