6
   35    0    0
6.92315982E+07
1.84301466E+07
6.32340646E+06
2.41829105E+06
1.01143572E+06
4.46835276E+05
2.06587244E+05
9.87578144E+04
4.85644345E+04
2.44249634E+04
1.25253764E+04
6.53763176E+03
3.47104795E+03
1.87355408E+03
1.02736062E+03
5.71513274E+02
3.21848881E+02
1.82064831E+02
1.05292556E+02
6.16445856E+01
3.64882224E+01
2.31195027E+01
1.50428823E+01
9.68288785E+00
5.76688763E+00
3.53518591E+00
2.11497146E+00
1.21629687E+00
6.94260763E-01
3.93600985E-01
2.18819862E-01
1.24892422E-01
6.32497369E-02
3.26864846E-02
1.67813888E-02
   30    0    0
4.57729429E+07
1.12679127E+07
3.18411949E+06
9.95659119E+05
3.36900234E+05
1.21817400E+05
4.67582504E+04
1.90080493E+04
8.17768103E+03
3.71454021E+03
1.77228306E+03
8.82546121E+02
4.55643108E+02
2.42103457E+02
1.31729952E+02
7.27502198E+01
4.05293617E+01
2.30774027E+01
1.33577500E+01
7.75309156E+00
4.39829275E+00
2.48592583E+00
1.36514367E+00
7.40835737E-01
3.99645118E-01
2.13185721E-01
1.00634421E-01
5.03850539E-02
2.51417145E-02
1.24784606E-02
   19    0    0
3.53772963E+04
8.72155032E+03
2.99209543E+03
1.22263907E+03
5.58478339E+02
2.75193370E+02
1.42750766E+02
7.69439759E+01
4.24306235E+01
2.38108249E+01
1.34639066E+01
7.55589688E+00
4.16724535E+00
2.25600303E+00
1.17253939E+00
5.47735370E-01
2.44956463E-01
1.05201091E-01
4.26223887E-02
   13    0    0
6.44037974E+02
2.21828475E+02
9.48497702E+01
4.53985008E+01
2.28729579E+01
1.19804639E+01
6.35729363E+00
3.35147098E+00
1.73452365E+00
8.66763160E-01
4.10707563E-01
1.74962001E-01
7.45340593E-02
    5    0    0
1.23566930E+01
4.24876380E+00
1.42713530E+00
3.99425110E-01
1.39818590E-01
    4    0    0
7.95056770E+00
2.45644050E+00
4.00971440E-01
2.10142760E-01
    2    0    0
5.52706910E+00
9.02198450E-01



** Available from the Dirac web site, http://dirac.chem.sdu.dk **