4
   24    0    0
5.86936086E+07
1.34069710E+07
3.79545439E+06
1.18412129E+06
4.00811759E+05
1.44741945E+05
5.53346270E+04
2.22354506E+04
9.33996124E+03
4.08050625E+03
1.84606416E+03
8.61398933E+02
4.11377417E+02
1.88556678E+02
9.46053105E+01
4.81937295E+01
2.27539008E+01
1.18026024E+01
5.11501315E+00
2.51385210E+00
7.76006199E-01
3.51963905E-01
6.60988399E-02
2.68478875E-02
   19    0    0
2.20365964E+06
3.18566899E+05
6.62213196E+04
1.72529370E+04
5.37925518E+03
1.93400563E+03
7.74146650E+02
3.35185478E+02
1.53465903E+02
7.29246146E+01
3.48997842E+01
1.73617507E+01
8.42554096E+00
4.12524934E+00
1.97291666E+00
7.80418851E-01
3.14666579E-01
7.01632546E-02
2.50228106E-02
   13    0    0
3.77728178E+03
1.03344762E+03
3.81169286E+02
1.62113244E+02
7.49274575E+01
3.61718508E+01
1.79588645E+01
8.81970128E+00
4.23594361E+00
1.94843327E+00
7.67397818E-01
2.69672492E-01
8.40933153E-02
    8    0    0
1.26562245E+02
4.25447039E+01
1.69101420E+01
7.23611604E+00
3.07455908E+00
1.23625524E+00
4.35338874E-01
1.05171445E-01
    2    0    0
4.23840100E+00
6.91845670E-01



** Available from the Dirac web site, http://dirac.chem.sdu.dk **