23 0 0
 16665490.0000000
 2495213.0000000
 567850.7000000
 160853.1000000
  52481.8600000
  18948.8500000
   7391.6550000
   3066.5170000
   1337.9940000
    608.7830000
    286.8980000
    139.1530000
     68.4945500
     31.6010800
     15.9915800
      8.0565100
      3.6903290
      1.7629020
      0.8012690
      0.1842430
      0.0817930
      0.0353030
      0.0152400
19 0 0
  48218.4100000
  11420.5500000
   3713.5690000
   1423.7620000
    606.6041000
    278.2564000
    134.8449000
     68.1225400
     35.4008800
     18.7902900
     10.0835600
      5.3461200
      2.7752280
      1.4075640
      0.6872130
      0.2473970
      0.0961870
      0.0369480
      0.0141900
12 0 0
    556.3170000
    163.6920000
     62.7973000
     27.2478000
     12.6298000
      6.1034100
      2.9654480
      1.4126530
      0.6498450
      0.2837010
      0.1133290
      0.0452700
4 0 0
      7.6837000
      2.3657000
      0.7284000
      0.2500700
3 0 0
      5.9423000
      1.7494000
      0.7103500
2 0 0
      3.7293000
      1.6227600
