3
21 0 0
      5.430321E+06              
      8.131665E+05              
      1.850544E+05              
      5.241466E+04              
      1.709868E+04              
      6.171994E+03              
      2.406481E+03              
      9.972584E+02              
      4.339289E+02              
      1.962869E+02              
      9.104280E+01              
      4.138425E+01              
      1.993278E+01              
      9.581891E+00              
      4.234516E+00              
      1.985814E+00              
      8.670830E-01              
      1.813390E-01              
      8.365700E-02              
      3.626700E-02              
      1.572000E-02              
17 0 0
      2.276057E+04       
      5.387679E+03       
      1.749945E+03       
      6.696653E+02       
      2.841948E+02       
      1.296077E+02       
      6.225415E+01       
      3.092964E+01       
      1.575827E+01       
      8.094211E+00       
      4.046921E+00       
      1.967869E+00       
      9.252950E-01       
      3.510930E-01       
      1.267990E-01       
      4.416200E-02       
      1.538000E-02       
9 0 0
      1.776850E+02       
      5.254040E+01       
      1.947690E+01       
      8.001460E+00       
      3.398920E+00       
      1.405380E+00       
      5.453300E-01       
      1.881100E-01       
      6.489000E-02       
3 0 0
      5.028600E+00       
      1.259400E+00       
      4.516500E-01       
