5
   30    0    0
1.06872119E+08
2.66744889E+07
8.32084685E+06
2.85372185E+06
1.05716588E+06
4.15523541E+05
1.72125855E+05
7.46651318E+04
3.37594158E+04
1.58274777E+04
7.65963613E+03
3.81341193E+03
1.94844089E+03
1.01917036E+03
5.43721911E+02
2.94505890E+02
1.61280846E+02
8.89318870E+01
4.91341383E+01
2.68150236E+01
1.48861735E+01
8.26190684E+00
4.44827667E+00
2.38614399E+00
1.25949069E+00
6.47062924E-01
2.35907386E-01
1.16236240E-01
5.61592643E-02
2.71414234E-02
   20    0    0
6.31646686E+05
9.32844607E+04
2.10521881E+04
6.16751233E+03
2.16769364E+03
8.64219102E+02
3.76669950E+02
1.75228814E+02
8.56556241E+01
4.33437593E+01
2.24649747E+01
1.18301059E+01
6.18409401E+00
3.15894716E+00
1.57034545E+00
7.54853508E-01
3.02107106E-01
1.30599794E-01
5.56750898E-02
2.36890801E-02
   12    0    0
8.55532041E+02
2.50526957E+02
9.59241857E+01
4.20116462E+01
1.97340960E+01
9.71565538E+00
4.90109836E+00
2.46352577E+00
1.21320102E+00
5.78744029E-01
2.63636175E-01
1.11244573E-01
    4    0    0
8.77600324E+00
2.84162367E+00
8.96850736E-01
2.83056920E-01
    3    0    0
6.03069294E+00
1.79443678E+00
5.33935881E-01
    2    0    0
3.87565614E+00
1.15320412E+00



** Available from the Dirac web site, http://dirac.chem.sdu.dk **