4
   23    0    0
5.17836883E+07
8.47963329E+06
1.89703427E+06
5.07242257E+05
1.54918932E+05
5.24357127E+04
1.92770015E+04
7.58342379E+03
3.15656545E+03
1.37795134E+03
6.26241548E+02
2.94505481E+02
1.42469346E+02
6.99623580E+01
3.23612341E+01
1.63159981E+01
8.20815728E+00
3.75100972E+00
1.78750651E+00
8.07220205E-01
1.89582353E-01
8.35577026E-02
3.55957396E-02
   16    0    0
4.70798341E+04
7.84614925E+03
2.08701673E+03
7.04103966E+02
2.73578742E+02
1.16660415E+02
5.29694339E+01
2.49988133E+01
1.20860387E+01
5.78498450E+00
2.78821543E+00
1.32629877E+00
6.14347547E-01
1.99182991E-01
7.50327929E-02
2.86331229E-02
    9    0    0
2.72681961E+02
8.05733091E+01
3.04811922E+01
1.28056495E+01
5.70680231E+00
2.55270735E+00
1.10495806E+00
4.51119083E-01
1.66339036E-01
    3    0    0
5.50612052E+00
1.45696848E+00
3.85526824E-01
    2    0    0
3.42224313E+00
9.05555984E-01



** Available from the Dirac web site, http://dirac.chem.sdu.dk **