3
   15    0    0
2.03758978E+06
2.44746199E+05
4.77407344E+04
1.20655163E+04
3.60695703E+03
1.21497665E+03
4.47798474E+02
1.77395399E+02
7.38806261E+01
2.36827462E+01
9.94440489E+00
2.80309215E+00
1.10183453E+00
1.41578813E-01
5.03854960E-02
   11    0    0
3.61513789E+03
7.57239731E+02
2.29224971E+02
8.27247632E+01
3.28017782E+01
1.36718929E+01
5.47612718E+00
2.26503830E+00
8.81083339E-01
1.61595462E-01
4.58972602E-02
    6    0    0
7.79468770E+01
2.23937001E+01
7.86598286E+00
2.91424038E+00
1.02200580E+00
3.12440496E-01
    2    0    0
2.84632713E+00
3.99320662E-01



** Available from the Dirac web site, http://dirac.chem.sdu.dk **