4
   28    0    0
8.17858316E+07
2.03366447E+07
6.29674310E+06
2.13441297E+06
7.79886144E+05
3.01443954E+05
1.22416412E+05
5.19751238E+04
2.29776946E+04
1.05222850E+04
4.96862058E+03
2.41133341E+03
1.20003645E+03
6.11144722E+02
3.17398756E+02
1.66766932E+02
8.58485227E+01
4.61520538E+01
2.48671659E+01
1.31277302E+01
7.06188622E+00
3.80066287E+00
1.87889104E+00
9.51526064E-01
4.52319203E-01
1.22319135E-01
5.66997501E-02
2.53337817E-02
   20    0    0
1.04758390E+06
1.52407113E+05
3.30134723E+04
9.17927213E+03
3.07469640E+03
1.17833842E+03
4.97182981E+02
2.25119516E+02
1.07147064E+02
5.28772055E+01
2.66155173E+01
1.35712811E+01
6.99187749E+00
3.64999923E+00
1.85124813E+00
9.05363718E-01
4.25210332E-01
1.44336257E-01
5.82788313E-02
2.34125463E-02
   13    0    0
1.98609744E+03
5.63586077E+02
2.12459562E+02
9.20082450E+01
4.30306295E+01
2.11135636E+01
1.05397318E+01
5.30540561E+00
2.62484758E+00
1.24458045E+00
5.59221072E-01
2.36138481E-01
9.12490555E-02
    3    0    0
1.64059730E+00
4.94623200E-01
1.64874400E-01
    2    0    0
1.00670730E+00
3.35569110E-01



** Available from the Dirac web site, http://dirac.chem.sdu.dk **