5
   33    0    0
8.67995959E+07
2.29382300E+07
7.75456770E+06
2.89899329E+06
1.17093236E+06
4.95936475E+05
2.18461459E+05
9.94937078E+04
4.68030284E+04
2.26815862E+04
1.12867413E+04
5.75447910E+03
3.00497951E+03
1.60545129E+03
8.76429266E+02
4.89193671E+02
2.79562947E+02
1.64120558E+02
1.00361133E+02
6.40557464E+01
4.07542606E+01
2.54969772E+01
1.59675967E+01
9.89415316E+00
6.01321649E+00
3.54064429E+00
1.95698644E+00
1.07759711E+00
5.75886478E-01
2.94873639E-01
1.14046375E-01
5.17039851E-02
2.37085595E-02
   25    0    0
9.83428848E+06
1.55294950E+06
3.38516943E+05
8.94803460E+04
2.74423602E+04
9.55725794E+03
3.71274861E+03
1.57632983E+03
7.17564463E+02
3.45015622E+02
1.73137029E+02
8.96461003E+01
4.75754209E+01
2.55409041E+01
1.39087499E+01
7.71842841E+00
4.44632521E+00
2.63303987E+00
1.48086140E+00
8.04670229E-01
4.17805734E-01
1.86744880E-01
8.75225638E-02
4.02796064E-02
1.83984361E-02
   17    0    0
8.70641691E+03
2.31173300E+03
8.42640720E+02
3.59780655E+02
1.69695262E+02
8.53411826E+01
4.47998692E+01
2.42571020E+01
1.33144253E+01
7.36227453E+00
4.07328349E+00
2.21509541E+00
1.16705037E+00
5.95593892E-01
2.93720576E-01
1.39001633E-01
6.18087625E-02
    4    0    0
2.39042326E+00
8.90437153E-01
3.23510964E-01
1.07837000E-01
    3    0    0
1.61790024E+00
5.41752884E-01
1.80584300E-01
    2    0    0
1.18648429E+00
3.95494800E-01



** Available from the Dirac web site, http://dirac.chem.sdu.dk **