3
   21    0    0
4.03812002E+07
6.60075871E+06
1.46399959E+06
3.86025726E+05
1.15963951E+05
3.85647285E+04
1.39296584E+04
5.38641833E+03
2.20474722E+03
9.46440287E+02
4.22680281E+02
1.93597275E+02
8.21597041E+01
4.03495589E+01
1.97916502E+01
8.39892076E+00
4.05221322E+00
1.34939869E+00
5.76530492E-01
9.10344257E-02
3.46272683E-02
   14    0    0
3.68472206E+04
6.14839154E+03
1.62679393E+03
5.43300979E+02
2.08323955E+02
8.68799503E+01
3.81212317E+01
1.65843297E+01
7.54355943E+00
3.48978870E+00
1.42811912E+00
5.64580269E-01
1.17028266E-01
3.67067178E-02
   10    0    0
6.59575079E+02
1.92507537E+02
7.24651393E+01
3.06142742E+01
1.36211805E+01
6.15577688E+00
2.72493206E+00
1.12938004E+00
4.27349293E-01
1.42057850E-01
    2    0    0
9.33445740E-01
1.90509460E-01



** Available from the Dirac web site, http://dirac.chem.sdu.dk **