19
  37110956.68822242      0
  8246879.2640494285      0
  2748959.754683143         2
  916319.9182277144         2
  305439.97274257144         2
  101813.32424752381         2
  33937.774749174605         2
  11312.591583058202         2
  3770.8638610194007         3
  1256.9546203398002         3
  418.98487344660003         3
  139.6616244822         3
  46.5538748274         3
  15.5179582758         3
  5.1726527586         3
  1.7242175862         3
  0.5747391954      6
  0.19157973179999999         4
  0.0638599106         3