19
  37110956.68822242      0
  8246879.2640494285      0
  2748959.754683143         1
  916319.9182277144         1
  305439.97274257144         1
  101813.32424752381         1
  33937.774749174605         1
  11312.591583058202         1
  3770.8638610194007         2
  1256.9546203398002         2
  418.98487344660003         2
  139.6616244822         2
  46.5538748274         2
  15.5179582758         2
  5.1726527586         2
  1.7242175862         2
  0.5747391954      6
  0.19157973179999999         3
  0.0638599106         2