20
  126020.6551990272      2
  31505.1637997568      2
  15752.5818998784         2
  7876.2909499392         2
  3938.1454749696         2
  1969.0727374848         2
  984.5363687424         2
  492.2681843712         2
  246.1340921856         2
  123.0670460928         2
  61.5335230464         2
  30.7667615232         2
  15.3833807616         2
  7.6916903808         2
  3.8458451904         2
  1.9229225952         2
  0.9614612976         2
  0.4807306488         2
  0.2403653244         2
  0.1201826622         2
