6
   35    0    0
7.05536187E+07
1.87603148E+07
6.42256438E+06
2.44711702E+06
1.01766682E+06
4.46524826E+05
2.04563799E+05
9.66343093E+04
4.68660508E+04
2.32533809E+04
1.17875732E+04
6.09634716E+03
3.21350120E+03
1.72538153E+03
9.43431453E+02
5.24825070E+02
2.96364907E+02
1.69076987E+02
9.89715104E+01
5.91322186E+01
3.62699022E+01
2.31918993E+01
1.48718039E+01
9.23230903E+00
5.39610758E+00
3.23968118E+00
1.90524125E+00
1.06606175E+00
5.97310199E-01
3.36233828E-01
1.88705549E-01
1.01254146E-01
5.25424265E-02
2.75412170E-02
1.43604621E-02
   30    0    0
4.36637174E+07
1.04223286E+07
2.88708650E+06
8.89839363E+05
2.98000244E+05
1.06997695E+05
4.09091668E+04
1.66132492E+04
7.15643670E+03
3.25914403E+03
1.55982846E+03
7.79183240E+02
4.03423456E+02
2.18472255E+02
1.21147934E+02
6.57561055E+01
3.51951704E+01
1.93021852E+01
1.07958144E+01
6.19329214E+00
3.52142573E+00
2.00981206E+00
1.12379052E+00
6.10174933E-01
3.30377701E-01
1.77458165E-01
8.53613005E-02
4.34448338E-02
2.21316161E-02
1.12048940E-02
   19    0    0
3.23579643E+04
8.01017627E+03
2.76023877E+03
1.13193863E+03
5.18471476E+02
2.56029751E+02
1.33027914E+02
7.17976966E+01
3.96355652E+01
2.22559921E+01
1.26024684E+01
7.09060400E+00
3.91964018E+00
2.13028847E+00
1.11334477E+00
5.26100692E-01
2.38474225E-01
1.03806204E-01
4.26186142E-02
   13    0    0
5.10544482E+02
1.75974771E+02
7.51762863E+01
3.57757637E+01
1.78743796E+01
9.27538217E+00
4.84868686E+00
2.51003933E+00
1.26909055E+00
6.16148904E-01
2.82363262E-01
1.16055907E-01
4.77008711E-02
    5    0    0
1.07127860E+01
3.60112830E+00
1.18363810E+00
7.54268800E-01
1.64647920E-01
    3    0    0
7.27481170E+00
2.26241820E+00
1.97858270E-01
    2    0    0
4.81035040E+00
5.80452840E-01



** Available from the Dirac web site, http://dirac.chem.sdu.dk **