4
   24    0    0
5.85300668E+07
1.31353563E+07
3.66104203E+06
1.12864621E+06
3.78548130E+05
1.35789769E+05
5.16614593E+04
2.06897381E+04
8.67109772E+03
3.78288819E+03
1.71003709E+03
7.97642934E+02
3.80833476E+02
1.73997422E+02
8.72342556E+01
4.43603496E+01
2.08719407E+01
1.08001709E+01
4.64027819E+00
2.27156206E+00
6.84853256E-01
3.05952156E-01
5.34484160E-02
2.23062682E-02
   19    0    0
1.84060872E+06
2.65428689E+05
5.54053274E+04
1.45737046E+04
4.60062560E+03
1.67346436E+03
6.76298243E+02
2.94961540E+02
1.35817638E+02
6.47987421E+01
3.11010114E+01
1.54781348E+01
7.46478624E+00
3.64752181E+00
1.73597267E+00
6.85095520E-01
2.74415459E-01
5.97993569E-02
2.20896308E-02
   13    0    0
3.49368960E+03
9.60291434E+02
3.55178933E+02
1.51323288E+02
7.00082552E+01
3.38074576E+01
1.67836726E+01
8.25680546E+00
3.97755448E+00
1.84201151E+00
7.44531491E-01
2.65958030E-01
8.44047221E-02
    8    0    0
1.04243499E+02
3.48322528E+01
1.36953556E+01
5.76302950E+00
2.39042742E+00
9.27447784E-01
3.10406185E-01
9.99005200E-02
    2    0    0
3.61136320E+00
4.35774080E-01



** Available from the Dirac web site, http://dirac.chem.sdu.dk **