5
   30    0    0
7.00279961E+07
1.84664547E+07
6.20880310E+06
2.29752910E+06
9.15314693E+05
3.81655157E+05
1.65555285E+05
7.41984007E+04
3.42665857E+04
1.62604039E+04
7.91211406E+03
3.93960126E+03
2.00350270E+03
1.03885462E+03
5.48076643E+02
2.93253993E+02
1.56205400E+02
8.53744539E+01
4.68492552E+01
2.48041052E+01
1.41337862E+01
7.86237715E+00
4.13984604E+00
2.19797050E+00
1.01113522E+00
5.28800636E-01
2.56944680E-01
6.90579990E-02
3.54080632E-02
1.72824204E-02
   24    0    0
1.38971165E+07
2.35013215E+06
5.25178447E+05
1.39131415E+05
4.20169052E+04
1.42106557E+04
5.32636077E+03
2.18254522E+03
9.62133563E+02
4.49575740E+02
2.19505488E+02
1.10896779E+02
5.73361622E+01
3.00005242E+01
1.61567864E+01
8.66437965E+00
4.53266014E+00
2.33670843E+00
1.10962264E+00
5.32171700E-01
2.46839839E-01
8.99199084E-02
4.00748284E-02
1.67161544E-02
   16    0    0
1.06347376E+04
2.76933867E+03
9.92710111E+02
4.18737106E+02
1.94720549E+02
9.64149111E+01
4.97524258E+01
2.62745929E+01
1.41078176E+01
7.52671011E+00
3.92036874E+00
1.99588545E+00
9.61995086E-01
4.01809496E-01
1.58165405E-01
5.75380001E-02
   11    0    0
2.79899163E+02
9.55362437E+01
4.03799374E+01
1.85155441E+01
8.95425408E+00
4.36899625E+00
2.09792009E+00
9.68270728E-01
4.17810012E-01
1.59704558E-01
6.10457990E-02
    3    0    0
6.76565570E+00
1.91411520E+00
2.30971450E-01
    2    0    0
4.10228600E+00
4.95012490E-01



** Available from the Dirac web site, http://dirac.chem.sdu.dk **