3
   23    0    0
5.75343445E+07
1.02023082E+07
2.39819004E+06
6.61845733E+05
2.06356833E+05
7.07305542E+04
2.61881785E+04
1.03382598E+04
4.30984371E+03
1.88246484E+03
8.55288416E+02
4.01557329E+02
1.93598891E+02
9.46758326E+01
4.43298975E+01
2.24480986E+01
1.13104017E+01
5.30652312E+00
2.57590746E+00
1.20096394E+00
3.44413215E-01
1.59544469E-01
6.79702298E-02
   16    0    0
1.07773854E+05
1.69205977E+04
4.22981657E+03
1.36598719E+03
5.15827086E+02
2.15833398E+02
9.70507356E+01
4.57599349E+01
2.23033382E+01
1.10288618E+01
5.27537145E+00
2.46478757E+00
1.11484652E+00
3.75937004E-01
1.42823716E-01
5.23725801E-02
   10    0    0
4.45122340E+02
1.30971213E+02
4.98968707E+01
2.12546986E+01
9.66244163E+00
4.47315611E+00
2.03779022E+00
8.94903250E-01
3.90445404E-01
1.38367632E-01
    1    0    0
3.15897290E-01



** Available from the Dirac web site, http://dirac.chem.sdu.dk **