2
   15    0    0
2.81751730E+06
3.34730369E+05
6.44026065E+04
1.60691681E+04
4.75135539E+03
1.58563409E+03
5.79749083E+02
2.27937937E+02
9.41654307E+01
3.01238979E+01
1.27489877E+01
3.75624900E+00
1.54617527E+00
2.54786891E-01
9.46052718E-02
   11    0    0
5.83184125E+03
1.17093418E+03
3.47659896E+02
1.24278408E+02
4.92665014E+01
2.06827795E+01
8.66977158E+00
3.55761073E+00
1.37832276E+00
2.93966317E-01
8.41712236E-02
    7    0    0
1.42828940E+02
4.18532206E+01
1.51670034E+01
5.98781134E+00
2.34286056E+00
8.62070416E-01
2.43551427E-01



** Available from the Dirac web site, http://dirac.chem.sdu.dk **