4
   30    0    0
1.00653301E+08
2.58795422E+07
8.41614651E+06
3.02809507E+06
1.18621897E+06
4.95354821E+05
2.18392771E+05
1.00281015E+05
4.74371108E+04
2.29278607E+04
1.12808505E+04
5.65111021E+03
2.88553310E+03
1.50131525E+03
7.94974389E+02
4.27963357E+02
2.33911242E+02
1.29436321E+02
7.20898126E+01
3.95951913E+01
2.22307777E+01
1.25502237E+01
7.01764419E+00
3.78397160E+00
2.02511406E+00
1.06110439E+00
4.48212851E-01
2.33515093E-01
1.13079414E-01
5.30643062E-02
   21    0    0
1.96655628E+06
2.88679730E+05
6.25057813E+04
1.71960290E+04
5.67928160E+03
2.15315228E+03
9.03753985E+02
4.08978721E+02
1.95930546E+02
9.81027836E+01
5.06808786E+01
2.67899686E+01
1.43622490E+01
7.64995950E+00
3.99943429E+00
2.05526181E+00
1.02937774E+00
4.46925847E-01
2.01059196E-01
8.85077118E-02
3.80829013E-02
   13    0    0
1.38690362E+03
4.00377886E+02
1.52301112E+02
6.66744668E+01
3.15302506E+01
1.56526170E+01
8.01195213E+00
4.12025569E+00
2.09917493E+00
1.05570626E+00
5.22133441E-01
2.52826930E-01
1.03879707E-01
    2    0    0
5.08270040E-01
1.88572650E-01
    1    0    0
4.52867340E-01



** Available from the Dirac web site, http://dirac.chem.sdu.dk **