3
   21    0    0
3.98243832E+07
6.42123393E+06
1.41263189E+06
3.70748734E+05
1.11076583E+05
3.68873582E+04
1.33152391E+04
5.14789692E+03
2.10727535E+03
9.04760483E+02
4.04122752E+02
1.85077975E+02
7.86079726E+01
3.86174507E+01
1.89190567E+01
7.97460107E+00
3.82476337E+00
1.26456928E+00
5.57723601E-01
1.00970508E-01
3.81047930E-02
   14    0    0
3.43124287E+04
5.76707871E+03
1.53562355E+03
5.15073580E+02
1.98090543E+02
8.27831599E+01
3.63804352E+01
1.58508516E+01
7.20043622E+00
3.32951159E+00
1.33497729E+00
5.26297210E-01
1.10644282E-01
3.52385001E-02
   10    0    0
6.78961567E+02
1.98128178E+02
7.47599886E+01
3.16801898E+01
1.42034118E+01
6.47562051E+00
2.93085911E+00
1.19846284E+00
4.59033189E-01
1.56831772E-01
    2    0    0
8.02895210E-01
2.25818730E-01



** Available from the Dirac web site, http://dirac.chem.sdu.dk **