5
   33    0    0
8.96248061E+07
2.39064156E+07
8.22079709E+06
3.15380620E+06
1.32025444E+06
5.81514358E+05
2.66002779E+05
1.24868500E+05
5.99038202E+04
2.92835142E+04
1.45775577E+04
7.39141597E+03
3.81646745E+03
2.00350331E+03
1.06742079E+03
5.76650965E+02
3.15395310E+02
1.73845692E+02
9.55449571E+01
5.36024973E+01
3.03475748E+01
1.71373252E+01
9.34476936E+00
5.33563567E+00
3.03532684E+00
1.66325251E+00
9.02083266E-01
4.79840149E-01
2.29515729E-01
1.24313575E-01
6.26077215E-02
3.22834841E-02
1.64995440E-02
   25    0    0
9.02402613E+06
1.41065723E+06
3.06188313E+05
8.08554268E+04
2.48466517E+04
8.68827920E+03
3.39052808E+03
1.44545138E+03
6.60200974E+02
3.18272005E+02
1.60026948E+02
8.29731709E+01
4.40807361E+01
2.36752533E+01
1.29989204E+01
7.29755039E+00
4.25180366E+00
2.50580931E+00
1.37533845E+00
7.38313311E-01
3.82848841E-01
1.69682265E-01
8.11250696E-02
3.80728081E-02
1.76572426E-02
   17    0    0
8.98450029E+03
2.38268635E+03
8.67959251E+02
3.70580828E+02
1.74916219E+02
8.81350571E+01
4.63531997E+01
2.51635024E+01
1.38673054E+01
7.68862540E+00
4.27066941E+00
2.33826012E+00
1.24018901E+00
6.39237800E-01
3.19853010E-01
1.53843621E-01
6.95166555E-02
    4    0    0
1.91277213E+00
6.81936146E-01
2.36464188E-01
7.88214000E-02
    4    0    0
1.97015390E+00
1.35722453E+00
4.35279769E-01
1.45093240E-01
    2    0    0
9.45784268E-01
3.15261420E-01



** Available from the Dirac web site, http://dirac.chem.sdu.dk **