4
   28    0    0
8.33028930E+07
2.06262239E+07
6.35714186E+06
2.14608662E+06
7.80962351E+05
3.01006658E+05
1.22079543E+05
5.17605640E+04
2.28373479E+04
1.04399326E+04
4.92577508E+03
2.39037067E+03
1.18929570E+03
6.04883678E+02
3.13404169E+02
1.64167382E+02
8.43183703E+01
4.52926728E+01
2.44103200E+01
1.29549498E+01
6.89111323E+00
3.69119618E+00
1.82681782E+00
9.36864259E-01
4.53996401E-01
1.37415440E-01
6.32676785E-02
2.81322390E-02
   20    0    0
9.42548166E+05
1.37256242E+05
2.98728678E+04
8.36543338E+03
2.82196481E+03
1.08769718E+03
4.60966449E+02
2.09426687E+02
9.99226419E+01
4.94031666E+01
2.48959911E+01
1.27038246E+01
6.53816241E+00
3.40762880E+00
1.72076108E+00
8.40856730E-01
3.95430692E-01
1.36016700E-01
5.55583764E-02
2.25219701E-02
   13    0    0
2.03741054E+03
5.77957239E+02
2.17864368E+02
9.44732572E+01
4.42563878E+01
2.17887084E+01
1.09360564E+01
5.53665838E+00
2.77280582E+00
1.31884351E+00
5.99181372E-01
2.58207470E-01
1.01956168E-01
    3    0    0
1.45234530E+00
4.43195220E-01
1.47731730E-01
    2    0    0
8.58696320E-01
2.86232110E-01



** Available from the Dirac web site, http://dirac.chem.sdu.dk **