5
33 0 0
  8.4889152E+07 
  2.2480123E+07 
  7.6243889E+06 
  2.8605595E+06 
  1.1596525E+06 
  4.9293990E+05 
  2.1819879E+05 
  9.9841168E+04 
  4.7067921E+04 
  2.2789086E+04 
  1.1312476E+04 
  5.7533297E+03 
  2.9987741E+03 
  1.6017286E+03 
  8.7565418E+02 
  4.8916539E+02 
  2.7885282E+02 
  1.6244380E+02 
  9.8608694E+01 
  6.2806948E+01 
  4.0779982E+01 
  2.5864415E+01 
  1.6057754E+01 
  9.8758405E+00 
  6.0599923E+00 
  3.6265455E+00 
  1.9971327E+00 
  1.0959975E+00 
  5.7759334E-01 
  2.6437586E-01 
  1.1996226E-01 
  5.4393909E-02 
  2.5020202E-02 
25 0 0
     1.2655684E+07 
     2.0638248E+06 
     4.5634999E+05 
     1.2117949E+05 
     3.7027522E+04 
     1.2762681E+04 
     4.8924467E+03 
     2.0507267E+03 
     9.2333105E+02 
     4.3993630E+02 
     2.1920629E+02 
     1.1291177E+02 
     5.9694797E+01 
     3.2000116E+01 
     1.7350343E+01 
     9.5824025E+00 
     5.4711747E+00 
     3.2013196E+00 
     1.7909002E+00 
     9.7448909E-01 
     5.0462440E-01 
     2.1425742E-01 
     9.8329067E-02 
     4.4590040E-02 
     2.0079484E-02 
17 0 0
    1.1505276E+04 
    3.0030132E+03 
    1.0820183E+03 
    4.5836169E+02 
    2.1499284E+02 
    1.0779514E+02 
    5.6496189E+01 
    3.0586344E+01 
    1.6819677E+01 
    9.3392862E+00 
    5.2051364E+00 
    2.8608382E+00 
    1.5252308E+00 
    7.8735984E-01 
    3.9225160E-01 
    1.8714146E-01 
    8.3394048E-02 
12 0 0
 2.0419178E+03
 2.4200669E+02   
 9.3790235E+01
 5.3641307E+01  
 2.0236843E+01 
 8.1066021E+00
 3.3309412E+00   
 2.9703580E+00  
 1.4802286E+00
 1.2799408E+00  
 4.7195049E-01
 1.5731683E-01
7 0 0
 1.6506709E+02
 3.7910392E+01 
 1.4105196E+01 
 2.6738247E+00
 2.3552635E+00 
 8.6242659E-01
 2.8747552E-01 
3 0 0
2.5131955E+01
1.7356566E+00
5.7855220E-01
