4
28 0 0
    8.1368610E+07 
    2.0609264E+07 
    6.5258024E+06 
    2.2584558E+06 
    8.3990485E+05 
    3.2935379E+05 
    1.3541393E+05 
    5.8045072E+04 
    2.5842071E+04 
    1.1903426E+04 
    5.6525803E+03 
    2.7574841E+03 
    1.3775440E+03 
    7.0294769E+02 
    3.6533891E+02 
    1.9207083E+02 
    9.9011342E+01 
    5.3306775E+01 
    2.8766828E+01 
    1.5206801E+01 
    8.3019877E+00 
    4.5202998E+00 
    2.2858074E+00 
    1.1523329E+00 
    5.4711869E-01 
    1.4334351E-01 
    6.3864096E-02 
    2.7916540E-02 
20 0 0
     1.4907153E+06 
     2.1659175E+05 
     4.6302919E+04 
     1.2596959E+04 
     4.1230383E+03 
     1.5498180E+03 
     6.4419076E+02 
     2.8835997E+02 
     1.3613524E+02 
     6.6776927E+01 
     3.3504567E+01 
     1.6971418E+01 
     8.7292632E+00 
     4.5600571E+00 
     2.3187644E+00 
     1.1294787E+00 
     5.2547213E-01 
     1.7068938E-01 
     6.6643594E-02 
     2.6001400E-02 
13 0 0
    2.4682677E+03 
    6.9380867E+02 
    2.6026103E+02 
    1.1248845E+02 
    5.2616976E+01 
    2.5867569E+01 
    1.2971122E+01 
    6.5831842E+00 
    3.2888878E+00 
    1.5876293E+00 
    7.2690652E-01 
    3.1242887E-01 
    1.2236687E-01 
7 0 0
      1.3446847E+02
      3.3444597E+01  
      1.1011736E+01 
      2.2681373E+00
      2.3768045E+00  
      7.5852100E-01
      2.5284034E-01  
3 0 0     
 2.1703274E+01
 1.6287581E+00
 5.4291933E-01   
