5
   33    0    0
8.48891523E+07
2.24801230E+07
7.62438887E+06
2.86055954E+06
1.15965255E+06
4.92939899E+05
2.18198792E+05
9.98411680E+04
4.70679206E+04
2.27890856E+04
1.13124763E+04
5.75332969E+03
2.99877414E+03
1.60172857E+03
8.75654182E+02
4.89165391E+02
2.78852819E+02
1.62443801E+02
9.86086937E+01
6.28069484E+01
4.07799824E+01
2.58644148E+01
1.60577541E+01
9.87584049E+00
6.05999232E+00
3.62654553E+00
1.99713269E+00
1.09599752E+00
5.77593340E-01
2.64375865E-01
1.19962261E-01
5.43939092E-02
2.50202023E-02
   25    0    0
1.26556837E+07
2.06382482E+06
4.56349994E+05
1.21179486E+05
3.70275223E+04
1.27626808E+04
4.89244671E+03
2.05072673E+03
9.23331049E+02
4.39936297E+02
2.19206288E+02
1.12911766E+02
5.96947967E+01
3.20001156E+01
1.73503427E+01
9.58240254E+00
5.47117471E+00
3.20131958E+00
1.79090024E+00
9.74489090E-01
5.04624400E-01
2.14257417E-01
9.83290668E-02
4.45900405E-02
2.00794840E-02
   17    0    0
1.15052764E+04
3.00301320E+03
1.08201828E+03
4.58361687E+02
2.14992839E+02
1.07795136E+02
5.64961893E+01
3.05863444E+01
1.68196766E+01
9.33928624E+00
5.20513639E+00
2.86083816E+00
1.52523078E+00
7.87359839E-01
3.92251598E-01
1.87141456E-01
8.33940475E-02
    4    0    0
3.33094125E+00
1.27994082E+00
4.71950493E-01
1.57316830E-01
    3    0    0
2.35526355E+00
8.62426587E-01
2.87475520E-01
    2    0    0
1.73565663E+00
5.78552200E-01



** Available from the Dirac web site, http://dirac.chem.sdu.dk **