3
   21    0    0
4.32627709E+07
7.34385212E+06
1.66641639E+06
4.45181262E+05
1.34729495E+05
4.49717156E+04
1.62672078E+04
6.29062147E+03
2.57293165E+03
1.10320078E+03
4.92032862E+02
2.25155782E+02
9.58786723E+01
4.71375422E+01
2.31948630E+01
9.94563972E+00
4.87663809E+00
1.69830415E+00
7.16532998E-01
1.06561021E-01
3.88743699E-02
   14    0    0
4.93286699E+04
8.01125787E+03
2.06723381E+03
6.78726782E+02
2.57290096E+02
1.06527175E+02
4.65430862E+01
2.02833211E+01
9.27018045E+00
4.31021780E+00
1.78478971E+00
7.02501633E-01
1.37585114E-01
4.12471047E-02
   10    0    0
7.92098491E+02
2.30197607E+02
8.65820960E+01
3.66241210E+01
1.63442311E+01
7.44068013E+00
3.30023570E+00
1.41018351E+00
5.49023252E-01
1.87410030E-01
    2    0    0
1.35676380E+00
2.70459630E-01



** Available from the Dirac web site, http://dirac.chem.sdu.dk **