30
  63330067.5916202      2
  15832516.89790505      2
  7916258.448952525         2
  3958129.2244762625         2
  1979064.6122381312         2
  989532.3061190656         2
  494766.1530595328         2
  247383.0765297664         2
  123691.5382648832         2
  61845.7691324416         2
  30922.8845662208         2
  15461.4422831104         2
  7730.7211415552         2
  3865.3605707776         2
  1932.6802853888         2
  966.3401426944         4
  483.1700713472         4
  241.5850356736         4
  120.7925178368         4
  60.3962589184         4
  30.1981294592         4
  15.0990647296         4
  7.5495323648         4
  3.7747661824         4
  1.8873830912         4
  0.9436915456         4
  0.4718457728         4
  0.2359228864         4
  0.1179614432         2
  0.0589807216         2
