21
  155539049.34641445      0
  34564233.1880921      0
  11521411.062697366         3
  3840470.354232455         3
  1280156.7847441516         3
  426718.92824805056         3
  142239.6427493502         3
  47413.2142497834         3
  15804.4047499278         3
  5268.1349166426         4
  1756.0449722142         4
  585.3483240714         4
  195.11610802380002         4
  65.0387026746         4
  21.679567558200002         4
  7.2265225194000005         4
  2.4088408398000003         6
  0.8029469466000001         7
  0.26764898220000005         6
  0.08921632740000002         4
  0.029738775800000006         3
