20
  70986519.62209272      0
  15774782.138242828      0
  5258260.712747609         2
  1752753.5709158697         2
  584251.1903052899         3
  194750.39676843         3
  64916.79892281         3
  21638.93297427         3
  7212.97765809         3
  2404.3258860299998         4
  801.4419620099999         4
  267.14732066999994         4
  89.04910688999998         4
  29.683035629999992         4
  9.894345209999997         4
  3.2981150699999993         4
  1.0993716899999997         5
  0.3664572299999999         6
  0.12215240999999998         4
  0.04071746999999999         3
