21
  155539049.34641445      0
  34564233.1880921      0
  11521411.062697366         2
  3840470.354232455         2
  1280156.7847441516         2
  426718.92824805056         2
  142239.6427493502         2
  47413.2142497834         2
  15804.4047499278         2
  5268.1349166426         3
  1756.0449722142         3
  585.3483240714         3
  195.11610802380002         3
  65.0387026746         3
  21.679567558200002         3
  7.2265225194000005         3
  2.4088408398000003         5
  0.8029469466000001         6
  0.26764898220000005         5
  0.08921632740000002         3
  0.029738775800000006         2
