19
  34275510.00576729      0
  7616780.00128162      0
  2538926.6670938735         1
  846308.8890312911         1
  282102.9630104304         1
  94034.3210034768         1
  31344.7736678256         2
  10448.2578892752         2
  3482.7526297584004         2
  1160.9175432528002         2
  386.97251441760005         3
  128.9908381392         3
  42.996946046400005         3
  14.332315348800002         3
  4.777438449600001         3
  1.5924794832000002         3
  0.5308264944000001         4
  0.17694216480000002         2
  0.05898072160000001         1
