4
   30    0    0
1.00415163E+08
2.66835159E+07
9.16122790E+06
3.54871889E+06
1.52639226E+06
6.93656921E+05
3.21216590E+05
1.49349131E+05
7.01983430E+04
3.35721480E+04
1.63924554E+04
8.17116242E+03
4.15362236E+03
2.15100296E+03
1.13360198E+03
6.07162395E+02
3.29979165E+02
1.81489395E+02
1.00423254E+02
5.49563078E+01
3.08070264E+01
1.73917366E+01
9.75798563E+00
5.25758346E+00
2.86830634E+00
1.54951182E+00
7.47947017E-01
3.84705396E-01
1.88856063E-01
8.93378600E-02
   21    0    0
3.15366937E+06
4.65842980E+05
9.99991800E+04
2.69431072E+04
8.65996047E+03
3.19973144E+03
1.31485999E+03
5.85166374E+02
2.76669702E+02
1.37132015E+02
7.03587068E+01
3.70147396E+01
1.98159804E+01
1.05994892E+01
5.58469383E+00
2.92068966E+00
1.50996211E+00
7.16822317E-01
3.36348190E-01
1.52633693E-01
6.67243501E-02
   13    0    0
2.07164147E+03
5.89926605E+02
2.23008156E+02
9.73759806E+01
4.61836295E+01
2.30405742E+01
1.18973726E+01
6.20836310E+00
3.23421738E+00
1.67913744E+00
8.70266782E-01
4.59929469E-01
1.95251173E-01
    2    0    0
8.26946570E-01
3.41662860E-01
    1    0    0
6.57431470E-01



** Available from the Dirac web site, http://dirac.chem.sdu.dk **