3
   23    0    0
6.15532200E+07
1.14812366E+07
2.79022382E+06
7.85300079E+05
2.47851458E+05
8.56472677E+04
3.19006342E+04
1.26519798E+04
5.29302905E+03
2.31783155E+03
1.05532345E+03
4.96619290E+02
2.40148562E+02
1.17991277E+02
5.61745704E+01
2.86921977E+01
1.46201787E+01
7.10371231E+00
3.51941039E+00
1.70755420E+00
5.95273831E-01
2.76751762E-01
1.17878343E-01
   16    0    0
1.62032129E+05
2.48207234E+04
6.00386082E+03
1.88786464E+03
6.99612387E+02
2.88874390E+02
1.28688356E+02
6.03364193E+01
2.93184357E+01
1.45023649E+01
6.97509644E+00
3.32036019E+00
1.56522324E+00
6.10870265E-01
2.44061786E-01
9.20998554E-02
   10    0    0
6.78600736E+02
1.98442380E+02
7.56941673E+01
3.25242088E+01
1.49677211E+01
7.08866174E+00
3.34689761E+00
1.55224006E+00
6.77301296E-01
2.53829111E-01
    1    0    0
5.61019350E-01



** Available from the Dirac web site, http://dirac.chem.sdu.dk **