19
  94843210.18706171      0
  21076268.93045816      0
  7025422.976819386         2
  2341807.658939795         2
  780602.5529799317         2
  260200.85099331057         2
  86733.6169977702         2
  28911.205665923397         2
  9637.068555307798         3
  3212.3561851025993         3
  1070.7853950341998         3
  356.92846501139996         3
  118.97615500379999         3
  39.658718334599996         3
  13.219572778199998         3
  4.406524259399999         3
  1.4688414197999997      6
  0.4896138065999999         3
  0.16320460219999997         3