19
  94843210.18706171      0
  21076268.93045816      0
  7025422.976819386         1
  2341807.658939795         1
  780602.5529799317         1
  260200.85099331057         1
  86733.6169977702         1
  28911.205665923397         1
  9637.068555307798         2
  3212.3561851025993         2
  1070.7853950341998         2
  356.92846501139996         2
  118.97615500379999         2
  39.658718334599996         2
  13.219572778199998         2
  4.406524259399999         2
  1.4688414197999997      6
  0.4896138065999999         2
  0.16320460219999997         2