20
  347081.753493504      2
  86770.438373376      2
  43385.219186688         2
  21692.609593344         2
  10846.304796672         2
  5423.152398336         2
  2711.576199168         2
  1355.788099584         2
  677.894049792         2
  338.947024896         2
  169.473512448         2
  84.736756224         2
  42.368378112         2
  21.184189056         2
  10.592094528         2
  5.296047264         2
  2.648023632         2
  1.324011816         2
  0.662005908         2
  0.331002954         2
