20
  83722624.82718833      0
  18605027.739375185      0
  6201675.913125061         3
  2067225.3043750206         3
  689075.1014583402         3
  229691.7004861134         3
  76563.9001620378         3
  25521.300054012598         4
  8507.1000180042         4
  2835.7000060013997         4
  945.2333353337999         5
  315.07777844459997         5
  105.02592614819999         5
  35.008642049399995         5
  11.669547349799998         5
  3.8898491165999993         5
  1.2966163721999997         6
  0.4322054573999999         5
  0.14406848579999995         5
  0.048022828599999984         3
