21
  133359366.20996097      0
  29635414.713324662      0
  9878471.57110822         3
  3292823.857036073         3
  1097607.9523453577         3
  365869.3174484526         4
  121956.4391494842         4
  40652.1463831614         4
  13550.7154610538         4
  4516.9051536846         4
  1505.6350512282         5
  501.87835040939996         5
  167.29278346979999         5
  55.76426115659999         5
  18.5880870522         5
  6.1960290174         7
  2.0653430058         8
  0.6884476686         8
  0.2294825562         6
  0.0764941854         4
  0.0254980618         3
