20
  83722624.82718833      0
  18605027.739375185      0
  6201675.913125061         2
  2067225.3043750206         2
  689075.1014583402         2
  229691.7004861134         2
  76563.9001620378         2
  25521.300054012598         3
  8507.1000180042         3
  2835.7000060013997         3
  945.2333353337999         4
  315.07777844459997         4
  105.02592614819999         4
  35.008642049399995         4
  11.669547349799998         4
  3.8898491165999993         4
  1.2966163721999997         5
  0.4322054573999999         4
  0.14406848579999995         4
  0.048022828599999984         2
