20
  54494695.381183326      0
  12109932.306929627      0
  4036644.1023098757         3
  1345548.0341032918         3
  448516.0113677639         3
  149505.33712258798         4
  49835.112374196         4
  16611.704124731998         4
  5537.234708243999         4
  1845.7449027479997         5
  615.248300916         5
  205.08276697199997         5
  68.36092232399999         5
  22.786974107999995         5
  7.595658035999999         5
  2.5318860119999997         7
  0.8439620039999999         7
  0.28132066799999994         6
  0.09377355599999998         4
  0.031257851999999996         3
