31
  103128239.14920673      2
  25782059.787301682      2
  12891029.893650841         2
  6445514.9468254205         2
  3222757.4734127102         2
  1611378.7367063551         2
  805689.3683531776         2
  402844.6841765888         2
  201422.3420882944         2
  100711.1710441472         2
  50355.5855220736         4
  25177.7927610368         4
  12588.8963805184         4
  6294.4481902592         4
  3147.2240951296         4
  1573.6120475648         4
  786.8060237824         4
  393.4030118912         4
  196.7015059456         4
  98.3507529728         4
  49.1753764864         4
  24.5876882432         4
  12.2938441216         4
  6.1469220608         4
  3.0734610304         4
  1.5367305152         4
  0.7683652576         4
  0.3841826288         4
  0.1920913144         4
  0.0960456572         2
  0.0480228286         2
