21
  133359366.20996097      0
  29635414.713324662      0
  9878471.57110822         2
  3292823.857036073         2
  1097607.9523453577         2
  365869.3174484526         3
  121956.4391494842         3
  40652.1463831614         3
  13550.7154610538         3
  4516.9051536846         3
  1505.6350512282         4
  501.87835040939996         4
  167.29278346979999         4
  55.76426115659999         4
  18.5880870522         4
  6.1960290174         6
  2.0653430058         7
  0.6884476686         7
  0.2294825562         5
  0.0764941854         3
  0.0254980618         2
