4
   28    0    0
8.43512088E+07
2.01722594E+07
5.99876484E+06
1.96410954E+06
6.95741170E+05
2.62176475E+05
1.04393466E+05
4.36307122E+04
1.90358422E+04
8.62642841E+03
4.04320047E+03
1.95201691E+03
9.66807895E+02
4.89617820E+02
2.52648315E+02
1.31716661E+02
6.69113704E+01
3.56930851E+01
1.90767701E+01
9.97363639E+00
5.18773089E+00
2.70078664E+00
1.25681387E+00
6.46061267E-01
3.11633975E-01
9.07281519E-02
4.50106792E-02
2.10399420E-02
   20    0    0
5.40608328E+05
7.94368033E+04
1.77875807E+04
5.17377730E+03
1.80655136E+03
7.15150456E+02
3.09206909E+02
1.42549780E+02
6.86648635E+01
3.41538248E+01
1.72092932E+01
8.81245276E+00
4.53338641E+00
2.34584416E+00
1.15966851E+00
5.61795988E-01
2.66255173E-01
9.53703844E-02
4.14874117E-02
1.77366098E-02
   13    0    0
1.52810453E+03
4.38369680E+02
1.66181548E+02
7.22286587E+01
3.38199457E+01
1.66119505E+01
8.29183202E+00
4.14141669E+00
2.02271969E+00
9.06638979E-01
3.81152694E-01
1.52033281E-01
5.61996761E-02
    4    0    0
1.11534430E+00
1.98128970E-01
9.34356880E-02
3.11452300E-02
    2    0    0
1.98465900E-01
6.61553000E-02



** Available from the Dirac web site, http://dirac.chem.sdu.dk **