5
   33    0    0
9.48880343E+07
2.54355230E+07
8.82661415E+06
3.43478415E+06
1.46818402E+06
6.59179703E+05
3.03201372E+05
1.41184889E+05
6.69031475E+04
3.23811123E+04
1.60059066E+04
8.07208760E+03
4.14623890E+03
2.16274453E+03
1.14480171E+03
6.15374620E+02
3.35645836E+02
1.85207151E+02
1.02909322E+02
5.64579321E+01
3.17401891E+01
1.79035564E+01
9.97054657E+00
5.53616050E+00
3.10982533E+00
1.71557009E+00
9.28897869E-01
4.98860963E-01
2.63553881E-01
1.09898413E-01
5.65831728E-02
2.88494081E-02
1.48330882E-02
   25    0    0
5.71076500E+06
8.62632048E+05
1.85160803E+05
4.90181130E+04
1.52936102E+04
5.47128917E+03
2.18568575E+03
9.50825927E+02
4.41481861E+02
2.15689898E+02
1.09538322E+02
5.72026532E+01
3.05258438E+01
1.63926791E+01
8.88111617E+00
4.86595766E+00
2.70890231E+00
1.51020794E+00
8.18872852E-01
4.42116112E-01
2.35291685E-01
1.11203579E-01
5.54703962E-02
2.73898293E-02
1.34107904E-02
   17    0    0
6.78413353E+03
1.81826222E+03
6.65850063E+02
2.84704547E+02
1.34303151E+02
6.75192723E+01
3.53830368E+01
1.91209284E+01
1.04735920E+01
5.74902586E+00
3.14475028E+00
1.68071539E+00
8.50346226E-01
4.12630425E-01
1.94358547E-01
8.83555742E-02
3.81662103E-02
    6    0    0
1.45867720E+00
7.13780050E-01
2.39158832E-01
2.07281768E-01
8.28418158E-02
2.76139400E-02
    4    0    0
1.29799520E+00
3.25386864E-01
1.25835205E-01
4.19450700E-02
    2    0    0
2.36519333E-01
7.88397800E-02



** Available from the Dirac web site, http://dirac.chem.sdu.dk **