3
   21    0    0
3.51842146E+07
5.34580477E+06
1.13688574E+06
2.92930297E+05
8.68989746E+04
2.87248835E+04
1.03524133E+04
4.00315190E+03
1.64061162E+03
7.05650418E+02
3.15892518E+02
1.44957297E+02
6.08536580E+01
2.97252838E+01
1.44898648E+01
6.04562563E+00
2.80277639E+00
8.34352146E-01
3.70326798E-01
6.73835672E-02
2.73333957E-02
   14    0    0
2.27720241E+04
3.98850649E+03
1.09676947E+03
3.75599727E+02
1.46425247E+02
6.16902439E+01
2.72251797E+01
1.18146007E+01
5.30786688E+00
2.41592236E+00
9.12078845E-01
3.55157071E-01
7.80675520E-02
2.71911945E-02
   10    0    0
5.36710384E+02
1.57343871E+02
5.94444107E+01
2.51444951E+01
1.12376257E+01
5.06201960E+00
2.22752100E+00
8.28852074E-01
2.86905339E-01
8.90967784E-02
    2    0    0
3.43324450E-01
9.88717700E-02



** Available from the Dirac web site, http://dirac.chem.sdu.dk **