5
   33    0    0
5.55115460E+07
1.47732101E+07
5.04581663E+06
1.91317914E+06
7.95745312E+05
3.50922148E+05
1.63207696E+05
7.89393710E+04
3.95458803E+04
2.03831438E+04
1.07832973E+04
5.83499196E+03
3.22032667E+03
1.80552097E+03
1.02423313E+03
5.84113818E+02
3.36539974E+02
1.94683046E+02
1.12823934E+02
6.75513638E+01
4.01940331E+01
2.36398251E+01
1.46950783E+01
9.13509821E+00
5.69795973E+00
3.36886883E+00
1.94808022E+00
1.03422531E+00
5.51830912E-01
2.82521941E-01
8.99694147E-02
4.30556467E-02
2.01620071E-02
   29    0    0
5.62450723E+07
1.74167298E+07
5.73220467E+06
2.00724916E+06
7.38295227E+05
2.83202949E+05
1.12780640E+05
4.65331689E+04
1.98922794E+04
8.82424139E+03
4.06802042E+03
1.94860267E+03
9.66813913E+02
4.94657221E+02
2.60609149E+02
1.40688354E+02
7.77830748E+01
4.35482379E+01
2.41834302E+01
1.36123997E+01
7.61310937E+00
4.16503136E+00
2.21149502E+00
1.09108625E+00
5.25430375E-01
2.45114858E-01
9.29305074E-02
3.99364282E-02
1.64711644E-02
   20    0    0
1.33707913E+05
3.12745286E+04
1.00377765E+04
3.85309788E+03
1.67048101E+03
7.89221179E+02
3.96339405E+02
2.08365407E+02
1.12906511E+02
6.26730535E+01
3.50316847E+01
1.94007742E+01
1.08233101E+01
5.95797766E+00
3.18483437E+00
1.63714449E+00
7.84805372E-01
3.22599979E-01
1.23361422E-01
4.38078440E-02
   13    0    0
1.29163858E+03
4.33358900E+02
1.83299360E+02
8.60953505E+01
4.29415470E+01
2.18893849E+01
1.12390866E+01
5.66793093E+00
2.73366409E+00
1.24702676E+00
5.23726959E-01
1.91427794E-01
6.56869110E-02
    4    0    0
3.91274260E+00
1.25999820E+00
1.94218230E-01
1.02090030E-01
    2    0    0
2.62620590E+00
4.54980040E-01



** Available from the Dirac web site, http://dirac.chem.sdu.dk **