4
   26    0    0
5.50763308E+07
1.45375870E+07
4.87308776E+06
1.78767368E+06
7.03958932E+05
2.88470322E+05
1.22358701E+05
5.33158138E+04
2.38238146E+04
1.08903101E+04
5.08655019E+03
2.42499437E+03
1.17889396E+03
5.71794041E+02
2.90337618E+02
1.51324526E+02
7.61404803E+01
4.06963473E+01
1.94344566E+01
1.06586383E+01
4.62500056E+00
2.43707757E+00
8.49406082E-01
3.75250727E-01
6.70871528E-02
2.68542697E-02
   23    0    0
3.00367137E+07
6.71991722E+06
1.75342956E+06
5.07240956E+05
1.59051755E+05
5.34315193E+04
1.91502332E+04
7.32434668E+03
2.98899553E+03
1.29582199E+03
5.91071105E+02
2.80897289E+02
1.37263227E+02
6.96545810E+01
3.58583404E+01
1.80227851E+01
9.35359706E+00
4.43125242E+00
2.12132183E+00
7.92702351E-01
3.11673349E-01
7.29381833E-02
2.54283592E-02
   17    0    0
4.22076957E+04
1.01464926E+04
3.37849991E+03
1.34479384E+03
5.98689477E+02
2.87260695E+02
1.44847302E+02
7.55866508E+01
4.00131876E+01
2.10346155E+01
1.11371617E+01
5.75107536E+00
2.89383534E+00
1.36490985E+00
5.24935070E-01
1.86084511E-01
5.89694986E-02
   12    0    0
7.13548293E+02
2.40479090E+02
1.00457697E+02
4.61177262E+01
2.19329067E+01
1.05095907E+01
4.83923938E+00
2.11580999E+00
8.43996897E-01
2.86937905E-01
1.24964153E-01
6.56869110E-02
    2    0    0
2.36324200E+00
4.09422550E-01



** Available from the Dirac web site, http://dirac.chem.sdu.dk **