6
   37    0    0
5.55143038E+07
1.47742963E+07
5.04662932E+06
1.91374599E+06
7.96310883E+05
3.51528842E+05
1.63992265E+05
7.98646224E+04
4.05630624E+04
2.14211528E+04
1.18674441E+04
7.11600852E+03
4.72624168E+03
3.01414444E+03
1.80660907E+03
1.07958355E+03
6.68874486E+02
4.38919428E+02
2.80636619E+02
1.70083720E+02
9.94640292E+01
6.12176025E+01
3.73545249E+01
2.31221412E+01
1.52016423E+01
9.89520192E+00
6.13866955E+00
3.78993717E+00
2.29980282E+00
1.36917537E+00
8.16603326E-01
4.74107739E-01
2.63140337E-01
1.21018635E-01
6.36023240E-02
3.24281072E-02
1.65016972E-02
   34    0    0
7.86036564E+07
3.03967154E+07
1.18089059E+07
4.76922890E+06
1.98966039E+06
8.54132931E+05
3.75971508E+05
1.69412401E+05
7.80760897E+04
3.68055717E+04
1.77592622E+04
8.78076871E+03
4.45326067E+03
2.31758946E+03
1.23665940E+03
6.75308359E+02
3.76810738E+02
2.13770770E+02
1.22829424E+02
7.19511143E+01
4.22891959E+01
2.46991718E+01
1.46107437E+01
8.63235646E+00
5.02143449E+00
2.87801789E+00
1.61248969E+00
8.71230072E-01
4.60660572E-01
2.41130472E-01
1.18693825E-01
5.71988827E-02
2.70675461E-02
1.27632550E-02
   24    0    0
6.53646138E+05
1.50169026E+05
4.67242397E+04
1.72261731E+04
7.15343139E+03
3.25033168E+03
1.58507655E+03
8.16634703E+02
4.38582510E+02
2.43464941E+02
1.38270287E+02
8.00231959E+01
4.67386856E+01
2.73033759E+01
1.59892147E+01
9.35966056E+00
5.41359067E+00
3.05804201E+00
1.67743325E+00
8.78965300E-01
4.11686206E-01
1.83510102E-01
7.83787510E-02
3.18312832E-02
   16    0    0
2.31692650E+03
7.70620656E+02
3.24835686E+02
1.54774098E+02
7.86229310E+01
4.16758971E+01
2.24314565E+01
1.21571626E+01
6.51806550E+00
3.37885165E+00
1.68886837E+00
8.01654417E-01
3.54479704E-01
1.38487060E-01
1.02801520E-01
5.40372130E-02
    6    0    0
5.51036730E+00
2.20059450E+00
8.30202910E-01
4.61079540E-01
1.48524940E-01
7.80715420E-02
    4    0    0
3.98828660E+00
1.45712670E+00
2.30876270E-01
1.21359200E-01
    2    0    0
3.24162980E+00
5.61599900E-01



** Available from the Dirac web site, http://dirac.chem.sdu.dk **