4
   37    0    0
7.56993653E+07
2.01329763E+07
6.89490825E+06
2.62818427E+06
1.09176973E+06
4.78066202E+05
2.18788502E+05
1.03644245E+05
5.06504519E+04
2.54283605E+04
1.30750958E+04
6.87051031E+03
3.68664105E+03
2.01751573E+03
1.12364489E+03
6.36761841E+02
3.68554501E+02
2.21358153E+02
1.47666159E+02
9.79743498E+01
6.11112535E+01
3.69439838E+01
2.20416984E+01
1.36050968E+01
8.47558947E+00
5.35510643E+00
3.44998085E+00
2.14952350E+00
1.26264554E+00
6.35447353E-01
3.59597528E-01
2.01632698E-01
1.14255913E-01
4.79936092E-02
3.02464378E-02
1.72632246E-02
9.55162290E-03
   30    0    0
3.59845667E+07
7.72484823E+06
2.00206142E+06
5.88343271E+05
1.90482495E+05
6.68756552E+04
2.52821479E+04
1.02608753E+04
4.45271353E+03
2.05102520E+03
9.93565201E+02
5.01843599E+02
2.62227958E+02
1.40740221E+02
7.72421037E+01
4.28742650E+01
2.37858349E+01
1.34356420E+01
7.61555768E+00
4.26052399E+00
2.34967096E+00
1.28568380E+00
6.71272513E-01
3.44562252E-01
1.76153140E-01
8.81000899E-02
4.55718128E-02
2.35152640E-02
1.33829068E-02
7.29297222E-03
   19    0    0
2.99798311E+04
7.49098284E+03
2.60745579E+03
1.07862419E+03
4.97551909E+02
2.47545482E+02
1.29685204E+02
7.05580384E+01
3.94211916E+01
2.23268877E+01
1.28064163E+01
7.34054186E+00
4.14647563E+00
2.30931791E+00
1.26088236E+00
6.17315850E-01
2.62108299E-01
7.64734010E-02
2.47572050E-02
    4    0    0
7.72859538E-01
3.62726953E-01
1.37353060E-01
5.63788426E-02
    2    0    0
6.26417444E-01
2.37204190E-01



** Available from the Dirac web site, http://dirac.chem.sdu.dk **