2
   25    0    0
5.68419928E+07
1.18980184E+07
3.13233512E+06
9.26210348E+05
3.01195802E+05
1.05703979E+05
3.96053805E+04
1.56998282E+04
6.53680880E+03
2.84080566E+03
1.28172758E+03
5.97552533E+02
2.85230780E+02
1.28932128E+02
6.44333030E+01
3.25379732E+01
1.50895198E+01
7.71419575E+00
3.18814233E+00
1.54643756E+00
4.35368647E-01
1.88057238E-01
8.30668254E-02
2.65874195E-02
1.22338533E-02
   19    0    0
5.60395294E+05
8.11403691E+04
1.76882809E+04
4.99557987E+03
1.69836616E+03
6.56615246E+02
2.77727290E+02
1.24808163E+02
5.83470957E+01
2.70830478E+01
1.30927539E+01
6.31972955E+00
2.98545497E+00
1.38364515E+00
4.70307672E-01
1.76200270E-01
7.78294801E-02
2.70563336E-02
1.09816303E-02
   12    0    0
2.16459539E+03
6.09062810E+02
2.28015640E+02
9.75322604E+01
4.50712635E+01
2.15941202E+01
1.05894267E+01
5.08524294E+00
2.38315250E+00
1.06776607E+00
4.09235869E-01
1.30561828E-01



** Available from the Dirac web site, http://dirac.chem.sdu.dk **