3
   32    0    0
7.46013948E+07
1.95239765E+07
6.47858799E+06
2.35926991E+06
9.23772617E+05
3.79241253E+05
1.62263856E+05
7.18883181E+04
3.28814095E+04
1.54847766E+04
7.49162288E+03
3.71451522E+03
1.88270827E+03
9.73175836E+02
5.11681588E+02
2.72262572E+02
1.43399077E+02
7.83643947E+01
4.30251793E+01
2.33386940E+01
1.32602505E+01
7.51049587E+00
4.18003562E+00
2.28157856E+00
1.23685235E+00
5.91374788E-01
2.98268826E-01
1.44830456E-01
7.43981270E-02
3.27743147E-02
1.87929476E-02
1.06102307E-02
   25    0    0
9.10396530E+06
1.43948696E+06
3.11897001E+05
8.16628433E+04
2.47606100E+04
8.52122855E+03
3.27232141E+03
1.37396752E+03
6.18824831E+02
2.94301580E+02
1.45673921E+02
7.43534104E+01
3.85708541E+01
2.00630763E+01
1.06932858E+01
5.62603379E+00
2.89349722E+00
1.46565095E+00
6.60214345E-01
3.05354627E-01
1.35767010E-01
6.97423139E-02
3.54583510E-02
1.60300028E-02
7.58971303E-03
   16    0    0
6.76506422E+03
1.80894082E+03
6.60020316E+02
2.81731735E+02
1.31874292E+02
6.55132951E+01
3.37809717E+01
1.77679042E+01
9.47615462E+00
5.00701034E+00
2.57833310E+00
1.30242508E+00
6.29345754E-01
2.79382752E-01
1.04582820E-01
4.38502110E-02
    2    0    0
5.63575043E-01
2.10966020E-01



** Available from the Dirac web site, http://dirac.chem.sdu.dk **