20
  70211545.52641271      0
  15602565.672536157      0
  5200855.224178719         2
  1733618.408059573         2
  577872.8026865243         2
  192624.2675621748         2
  64208.0891873916         2
  21402.6963957972         3
  7134.2321319324         3
  2378.0773773108         3
  792.6924591036         3
  264.2308197012         3
  88.0769399004         3
  29.358979966800003         3
  9.786326655600002         3
  3.2621088852000004         6
  1.0873696284         5
  0.3624565428         4
  0.1208188476         2
  0.0402729492         2
