20
  70211545.52641271      0
  15602565.672536157      0
  5200855.224178719         3
  1733618.408059573         3
  577872.8026865243         3
  192624.2675621748         3
  64208.0891873916         3
  21402.6963957972         4
  7134.2321319324         4
  2378.0773773108         4
  792.6924591036         4
  264.2308197012         4
  88.0769399004         4
  29.358979966800003         4
  9.786326655600002         4
  3.2621088852000004         7
  1.0873696284         6
  0.3624565428         5
  0.1208188476         3
  0.0402729492         3
