19
  49877595.896769874      0
  11083910.199282194      0
  3694636.7330940645         1
  1231545.5776980214         1
  410515.19256600714         1
  136838.39752200237         1
  45612.79917400079         2
  15204.266391333598         2
  5068.0887971112         2
  1689.3629323704         3
  563.1209774568         3
  187.7069924856         3
  62.5689974952         3
  20.8563324984         3
  6.9521108328         3
  2.3173702776         4
  0.7724567591999999         4
  0.25748558639999997         2
  0.08582852879999998         2
