19
  49877595.896769874      2
  11083910.199282194      2
  3694636.7330940645         2
  1231545.5776980214         2
  410515.19256600714         2
  136838.39752200237         2
  45612.79917400079         2
  15204.266391333598         2
  5068.0887971112         2
  1689.3629323704         4
  563.1209774568         4
  187.7069924856         4
  62.5689974952         4
  20.8563324984         4
  6.9521108328         4
  2.3173702776         4
  0.7724567591999999         4
  0.25748558639999997         2
  0.08582852879999998         2
