20
  93646633.53137927      0
  20810363.00697317      0
  6936787.668991056         2
  2312262.556330352         3
  770754.1854434507         3
  256918.06181448358         3
  85639.35393816119         3
  28546.451312720397         3
  9515.4837709068         3
  3171.8279236355997         4
  1057.2759745452         4
  352.42532484839995         4
  117.47510828279998         4
  39.15836942759999         4
  13.052789809199998         4
  4.350929936399999         5
  1.4503099787999998         6
  0.48343665959999993         4
  0.16114555319999999         3
  0.0537151844         3
