30
  92157681.06494853      2
  23039420.266237132      2
  11519710.133118566         2
  5759855.066559283         2
  2879927.5332796415         2
  1439963.7666398208         2
  719981.8833199104         2
  359990.9416599552         2
  179995.4708299776         2
  89997.7354149888         2
  44998.8677074944         2
  22499.4338537472         2
  11249.7169268736         2
  5624.8584634368         2
  2812.4292317184         2
  1406.2146158592         4
  703.1073079296         4
  351.5536539648         4
  175.7768269824         4
  87.8884134912         4
  43.9442067456         4
  21.9721033728         4
  10.9860516864         4
  5.4930258432         4
  2.7465129216         4
  1.3732564608         4
  0.6866282304         4
  0.3433141152         2
  0.1716570576         2
  0.0858285288         2
