20
  59010176.718370914      0
  13113372.604082426      0
  4371124.201360809         2
  1457041.400453603         3
  485680.46681786765         3
  161893.4889392892         3
  53964.4963130964         3
  17988.1654376988         3
  5996.055145899601         4
  1998.6850486332003         4
  666.2283495444001         4
  222.07611651480002         4
  74.02537217160001         4
  24.675124057200005         4
  8.225041352400002         4
  2.7416804508000006         5
  0.9138934836000002         6
  0.30463116120000006         5
  0.10154372040000002         2
  0.03384790680000001         2
