30
  106496440.76430787      2
  26624110.191076968      2
  13312055.095538484         2
  6656027.547769242         2
  3328013.773884621         2
  1664006.8869423105         2
  832003.4434711552         2
  416001.7217355776         2
  208000.8608677888         2
  104000.4304338944         2
  52000.2152169472         4
  26000.1076084736         4
  13000.0538042368         4
  6500.0269021184         4
  3250.0134510592         4
  1625.0067255296         4
  812.5033627648         4
  406.2516813824         4
  203.1258406912         4
  101.5629203456         4
  50.7814601728         4
  25.3907300864         4
  12.6953650432         4
  6.3476825216         4
  3.1738412608         4
  1.5869206304         4
  0.7934603152         4
  0.3967301576         4
  0.1983650788         2
  0.0991825394         2
