19
  57638021.871914655      0
  12808449.304869922      0
  4269483.101623307         2
  1423161.0338744356         2
  474387.0112914785         2
  158129.0037638262         2
  52709.667921275395         3
  17569.8893070918         3
  5856.629769030599         3
  1952.2099230101996         4
  650.7366410033999         4
  216.91221366779996         4
  72.30407122259999         4
  24.101357074199996         4
  8.033785691399999         4
  2.6779285637999997         4
  0.8926428545999999         4
  0.2975476182         2
  0.09918253939999999         2
