20
  59010176.718370914      0
  13113372.604082426      0
  4371124.201360809         3
  1457041.400453603         4
  485680.46681786765         4
  161893.4889392892         4
  53964.4963130964         4
  17988.1654376988         4
  5996.055145899601         5
  1998.6850486332003         5
  666.2283495444001         5
  222.07611651480002         5
  74.02537217160001         5
  24.675124057200005         5
  8.225041352400002         5
  2.7416804508000006         6
  0.9138934836000002         7
  0.30463116120000006         6
  0.10154372040000002         3
  0.03384790680000001         3
