19
  57638021.871914655      0
  12808449.304869922      0
  4269483.101623307         3
  1423161.0338744356         3
  474387.0112914785         3
  158129.0037638262         3
  52709.667921275395         4
  17569.8893070918         4
  5856.629769030599         4
  1952.2099230101996         5
  650.7366410033999         5
  216.91221366779996         5
  72.30407122259999         5
  24.101357074199996         5
  8.033785691399999         5
  2.6779285637999997         5
  0.8926428545999999         5
  0.2975476182         3
  0.09918253939999999         3
