20
  91140305.00966527      0
  20253401.113258947      0
  6751133.704419649         3
  2250377.9014732162         3
  750125.9671577387         3
  250041.9890525796         4
  83347.3296841932         4
  27782.4432280644         4
  9260.8144093548         4
  3086.9381364516         5
  1028.9793788171999         5
  342.99312627239993         5
  114.33104209079998         5
  38.11034736359999         5
  12.703449121199997         5
  4.234483040399999         5
  1.4114943467999996         6
  0.4704981155999999         5
  0.15683270519999995         3
  0.05227756839999998         3
