3
   31    0    0
7.28086965E+07
1.89790764E+07
6.25586977E+06
2.25800485E+06
8.74618158E+05
3.55153677E+05
1.50409573E+05
6.60417226E+04
2.99760198E+04
1.40222266E+04
6.74287504E+03
3.32477599E+03
1.67709698E+03
8.63638149E+02
4.52943559E+02
2.40932382E+02
1.26816951E+02
6.88200023E+01
3.74183377E+01
1.95118184E+01
1.10344180E+01
6.08256192E+00
3.18054891E+00
1.68813429E+00
7.83867704E-01
4.20291415E-01
2.06335810E-01
9.86002370E-02
5.84048861E-02
3.09846152E-02
1.53305840E-02
   24    0    0
9.97190043E+06
1.59658232E+06
3.47800159E+05
9.12160846E+04
2.76219279E+04
9.47007346E+03
3.61907028E+03
1.51254788E+03
6.78578031E+02
3.21745021E+02
1.58915454E+02
8.10054941E+01
4.20788440E+01
2.20721993E+01
1.18944851E+01
6.37282594E+00
3.34027771E+00
1.73499305E+00
8.36826016E-01
4.09661813E-01
1.94824110E-01
7.23590520E-02
3.35388561E-02
1.45643843E-02
   16    0    0
7.51767149E+03
1.99851226E+03
7.26579395E+02
3.09447914E+02
1.44739556E+02
7.19015565E+01
3.71283436E+01
1.95671159E+01
1.04718100E+01
5.56405651E+00
2.88634175E+00
1.47287376E+00
7.23682363E-01
3.33032812E-01
1.29802090E-01
7.69569954E-02
    3    0    0
6.51074070E-01
2.53761100E-01
9.38639360E-02



** Available from the Dirac web site, http://dirac.chem.sdu.dk **