4
   35    0    0
7.37388272E+07
1.94803054E+07
6.56010377E+06
2.43108156E+06
9.70052389E+05
4.05477165E+05
1.76574757E+05
7.96159014E+04
3.70714970E+04
1.77608678E+04
8.72900250E+03
4.39649085E+03
2.27436474E+03
1.21306588E+03
6.68408586E+02
3.79284833E+02
2.20232947E+02
1.30598997E+02
8.55478998E+01
6.02855058E+01
3.77113332E+01
2.14399177E+01
1.32899589E+01
8.11487611E+00
4.92386061E+00
2.86621500E+00
1.66009593E+00
8.82460306E-01
5.31575024E-01
2.97097994E-01
1.62744353E-01
7.28253466E-02
3.96451982E-02
2.20441521E-02
1.21986203E-02
   30    0    0
3.76392045E+07
8.28775538E+06
2.18716361E+06
6.49360489E+05
2.12063562E+05
7.50723715E+04
2.85188035E+04
1.15717007E+04
4.99845658E+03
2.28785472E+03
1.10212147E+03
5.54593889E+02
2.89299348E+02
1.55226694E+02
8.52515843E+01
4.76061379E+01
2.69877687E+01
1.55613760E+01
9.00000632E+00
5.07854833E+00
2.80450113E+00
1.53992176E+00
8.24328218E-01
4.32584646E-01
2.29937224E-01
1.22668999E-01
6.69637262E-02
3.48021633E-02
1.83032925E-02
9.52782065E-03
   19    0    0
3.41452622E+04
8.45103332E+03
2.92184426E+03
1.20459007E+03
5.54334768E+02
2.75208829E+02
1.43921158E+02
7.81527999E+01
4.36160528E+01
2.46941403E+01
1.41722578E+01
8.14661766E+00
4.63030042E+00
2.59880677E+00
1.43361915E+00
7.25638725E-01
3.16190815E-01
9.49088560E-02
3.91892247E-02
    4    0    0
8.82214488E-01
4.25376961E-01
1.65965840E-01
1.00671117E-01
    3    0    0
7.24537575E-01
2.82686890E-01
1.17713152E-01



** Available from the Dirac web site, http://dirac.chem.sdu.dk **