2
   25    0    0
5.69135026E+07
1.20875112E+07
3.21908096E+06
9.59870904E+05
3.14098597E+05
1.10732938E+05
4.16265510E+04
1.65400398E+04
6.89819498E+03
3.00136666E+03
1.35519711E+03
6.32015031E+02
3.01640318E+02
1.36783470E+02
6.85138447E+01
3.46582573E+01
1.60287514E+01
8.22436037E+00
3.44204041E+00
1.69301170E+00
5.08378872E-01
2.35433888E-01
1.02287926E-01
4.54603122E-02
1.94599612E-02
   19    0    0
6.55049701E+05
9.46016392E+04
2.04569860E+04
5.71527558E+03
1.92423617E+03
7.38387377E+02
3.10641287E+02
1.39076086E+02
6.48896961E+01
3.03626404E+01
1.47797558E+01
7.28441861E+00
3.43669317E+00
1.60818329E+00
5.73292126E-01
2.32371109E-01
1.00957254E-01
5.28336771E-02
2.02508389E-02
   13    0    0
2.37019409E+03
6.64271343E+02
2.48233394E+02
1.06158806E+02
4.90999707E+01
2.35781807E+01
1.16020581E+01
5.61444245E+00
2.65873229E+00
1.20882023E+00
4.79742212E-01
1.61936729E-01
9.53099028E-02



** Available from the Dirac web site, http://dirac.chem.sdu.dk **