3
   24    0    0
5.81789967E+07
1.46710856E+07
4.59876991E+06
1.56383633E+06
5.68471673E+05
2.16831854E+05
8.64143439E+04
3.57904821E+04
1.53573459E+04
6.80514197E+03
3.10564267E+03
1.45606171E+03
6.98194852E+02
3.27448739E+02
1.64619814E+02
8.47070334E+01
4.13869210E+01
2.17300519E+01
9.82788094E+00
5.01282867E+00
1.77097518E+00
8.09487289E-01
1.69475032E-01
5.90513996E-02
   19    0    0
7.66143432E+06
1.19297811E+06
2.50675102E+05
6.32093964E+04
1.84199043E+04
6.09949117E+03
2.25926161E+03
9.17326364E+02
3.99115070E+02
1.82712699E+02
8.60479214E+01
4.21475712E+01
2.10334669E+01
9.89786639E+00
4.74702233E+00
1.83719031E+00
7.36726823E-01
1.56557324E-01
4.55705435E-02
   12    0    0
4.79968951E+03
1.28668689E+03
4.66880202E+02
1.95626062E+02
8.89419813E+01
4.23148375E+01
2.03451499E+01
9.63959419E+00
4.47359426E+00
1.80241774E+00
7.01705130E-01
2.36689729E-01
    9    0    0
4.24155820E+02
1.43982705E+02
6.02529845E+01
2.75231004E+01
1.30107081E+01
6.10672932E+00
2.74486516E+00
1.08471151E+00
3.40593950E-01



** Available from the Dirac web site, http://dirac.chem.sdu.dk **