5
   34    0    0
6.12672810E+07
1.63104578E+07
5.58888816E+06
2.13220619E+06
8.91576913E+05
3.94709159E+05
1.83403429E+05
8.81695052E+04
4.36078259E+04
2.20557049E+04
1.13787944E+04
5.97929745E+03
3.20390326E+03
1.75583349E+03
9.87771001E+02
5.72914904E+02
3.45983627E+02
2.17661124E+02
1.38150167E+02
8.60976047E+01
5.17642828E+01
3.27058931E+01
2.05006734E+01
1.28231540E+01
7.94453938E+00
4.84298883E+00
2.82567595E+00
1.64823182E+00
9.33379270E-01
5.14392666E-01
2.72750013E-01
1.36139890E-01
6.70072469E-02
3.25310648E-02
   30    0    0
5.77648167E+07
1.71497444E+07
5.49387110E+06
1.89096220E+06
6.89054219E+05
2.63613074E+05
1.05322443E+05
4.38376896E+04
1.90028453E+04
8.58546381E+03
4.04292940E+03
1.98058712E+03
1.00587099E+03
5.26819007E+02
2.83167411E+02
1.55388868E+02
8.65092619E+01
4.89106075E+01
2.81439876E+01
1.61219915E+01
9.07431384E+00
5.14216020E+00
2.85426268E+00
1.55398566E+00
8.26791395E-01
4.27275305E-01
1.93685375E-01
8.95217230E-02
4.14865006E-02
1.91251986E-02
   19    0    0
7.70427008E+04
1.83952175E+04
6.07648139E+03
2.40175788E+03
1.06821536E+03
5.15735362E+02
2.63556530E+02
1.40542860E+02
7.70184897E+01
4.31006183E+01
2.43066231E+01
1.36062067E+01
7.54288783E+00
4.13594247E+00
2.19819426E+00
1.12352900E+00
5.49787443E-01
2.55187128E-01
1.09750380E-01
   13    0    0
1.78411369E+03
6.01177648E+02
2.56022619E+02
1.22881251E+02
6.31199508E+01
3.37344738E+01
1.84824523E+01
1.01483684E+01
5.53250722E+00
2.38191958E+00
1.05183783E+00
4.22555170E-01
1.69753240E-01
    4    0    0
3.15045690E+00
1.99056248E+00
7.83253203E-01
3.08197090E-01
    2    0    0
1.51566351E+00
5.96388350E-01



** Available from the Dirac web site, http://dirac.chem.sdu.dk **