5
   30    0    0
7.25476377E+07
1.90240462E+07
6.33335453E+06
2.31364409E+06
9.08125890E+05
3.73325858E+05
1.59844760E+05
7.08224292E+04
3.23809632E+04
1.52360140E+04
7.36216645E+03
3.64517828E+03
1.84537679E+03
9.53323016E+02
5.01372361E+02
2.67430497E+02
1.41523044E+02
7.70502661E+01
4.20761202E+01
2.21197173E+01
1.25727762E+01
6.97198564E+00
3.65967584E+00
1.94591399E+00
9.01094366E-01
4.76498578E-01
2.32837183E-01
6.40506742E-02
3.32900327E-02
1.63563932E-02
   24    0    0
1.20065422E+07
1.97148363E+06
4.34300595E+05
1.14312841E+05
3.45157425E+04
1.17357496E+04
4.43654847E+03
1.83462669E+03
8.15494299E+02
3.83733062E+02
1.88408589E+02
9.56059692E+01
4.95565505E+01
2.59724893E+01
1.40038978E+01
7.51980715E+00
3.94068724E+00
2.04157423E+00
9.78828326E-01
4.74146736E-01
2.22418746E-01
8.12706476E-02
3.69413819E-02
1.57121901E-02
   16    0    0
9.37749560E+03
2.46138887E+03
8.87402054E+02
3.75843761E+02
1.75297683E+02
8.69715314E+01
4.49526650E+01
2.37486120E+01
1.27629329E+01
6.82349925E+00
3.56401402E+00
1.82810287E+00
8.93574063E-01
3.78302247E-01
1.51780851E-01
5.63198788E-02
   11    0    0
2.28598640E+02
7.79147188E+01
3.27985651E+01
1.49284136E+01
7.16769074E+00
3.46761175E+00
1.65243058E+00
7.57328175E-01
3.25056726E-01
1.23536356E-01
4.69494403E-02
    3    0    0
5.21893850E+00
1.44451670E+00
1.73872630E-01
    2    0    0
2.80259180E+00
3.37340510E-01



** Available from the Dirac web site, http://dirac.chem.sdu.dk **