6
   35    0    0
7.34237376E+07
1.95070878E+07
6.66243340E+06
2.52644534E+06
1.04073394E+06
4.50451921E+05
2.03049471E+05
9.44061102E+04
4.51254342E+04
2.21035072E+04
1.10776516E+04
5.67414898E+03
2.96818262E+03
1.58416059E+03
8.61660344E+02
4.76907502E+02
2.68183804E+02
1.53413922E+02
9.08613195E+01
5.59691340E+01
3.56726059E+01
2.20633200E+01
1.37641837E+01
8.29065480E+00
4.72027772E+00
2.77607813E+00
1.61214984E+00
9.43364986E-01
5.25421374E-01
3.04936191E-01
1.79044003E-01
9.25192739E-02
4.93171359E-02
2.59420940E-02
1.35606014E-02
   30    0    0
4.11413775E+07
9.40107010E+06
2.53206883E+06
7.65143605E+05
2.52656957E+05
8.98505473E+04
3.41662066E+04
1.38538038E+04
5.97753984E+03
2.73171696E+03
1.31281230E+03
6.58510996E+02
3.42217201E+02
1.82845797E+02
9.99479071E+01
5.53278149E+01
3.07977502E+01
1.75112210E+01
1.00843199E+01
5.81367347E+00
3.29179925E+00
1.85636091E+00
1.01545002E+00
5.48045604E-01
2.97555707E-01
1.61618968E-01
8.17214154E-02
4.19914992E-02
2.14605102E-02
1.08640149E-02
   19    0    0
2.79003126E+04
6.95860546E+03
2.41569058E+03
9.96450214E+02
4.58454304E+02
2.27159257E+02
1.18315010E+02
6.39707830E+01
3.53599687E+01
1.98640816E+01
1.12637048E+01
6.35436267E+00
3.52011148E+00
1.92217780E+00
1.01185299E+00
4.86332688E-01
2.24781188E-01
9.97390282E-02
4.17392956E-02
   13    0    0
4.14879966E+02
1.43097544E+02
6.10938223E+01
2.89505833E+01
1.43798055E+01
7.41751406E+00
3.84976925E+00
1.97998213E+00
9.95089377E-01
4.80748040E-01
2.19380746E-01
8.98445127E-02
3.67946441E-02
    5    0    0
8.40820940E+00
2.75920550E+00
8.90536520E-01
6.07090540E-01
1.57982810E-01
    3    0    0
5.16524230E+00
1.51223410E+00
2.12586110E-01
    2    0    0
3.65616830E+00
4.40083250E-01



** Available from the Dirac web site, http://dirac.chem.sdu.dk **