4
   24    0    0
5.86883776E+07
1.28111315E+07
3.48805368E+06
1.05670390E+06
3.49786369E+05
1.24291607E+05
4.69703425E+04
1.87249858E+04
7.82406963E+03
3.40702918E+03
1.53852358E+03
7.17235179E+02
3.42174752E+02
1.55766972E+02
7.80980170E+01
3.96109515E+01
1.84337477E+01
9.50622562E+00
4.03760837E+00
1.98513156E+00
6.00844004E-01
2.73216961E-01
4.96588572E-02
2.09787542E-02
   19    0    0
1.43094841E+06
2.06072918E+05
4.33571504E+04
1.15801843E+04
3.72269821E+03
1.37632734E+03
5.63542405E+02
2.48234028E+02
1.15174624E+02
5.52297276E+01
2.66582384E+01
1.33007311E+01
6.42173819E+00
3.14735968E+00
1.50774122E+00
6.05255751E-01
2.46704575E-01
5.51921949E-02
2.07334488E-02
   13    0    0
3.07421849E+03
8.51108591E+02
3.16127875E+02
1.35018730E+02
6.25414149E+01
3.02053376E+01
1.49836471E+01
7.38215251E+00
3.56729610E+00
1.66676810E+00
6.96696088E-01
2.53492688E-01
8.21780265E-02
    8    0    0
8.53102916E+01
2.83430759E+01
1.10386278E+01
4.59551995E+00
1.88669501E+00
7.25419325E-01
2.41216336E-01
9.05128561E-02
    2    0    0
2.73613050E+00
3.29340750E-01



** Available from the Dirac web site, http://dirac.chem.sdu.dk **