30
  63476748.240971364      2
  15869187.060242841      2
  7934593.5301214205         2
  3967296.7650607103         2
  1983648.3825303551         2
  991824.1912651776         2
  495912.0956325888         2
  247956.0478162944         2
  123978.0239081472         2
  61989.0119540736         2
  30994.5059770368         2
  15497.2529885184         2
  7748.6264942592         2
  3874.3132471296         2
  1937.1566235648         2
  968.5783117824         4
  484.2891558912         4
  242.1445779456         4
  121.0722889728         4
  60.5361444864         4
  30.2680722432         4
  15.1340361216         4
  7.5670180608         4
  3.7835090304         4
  1.8917545152         4
  0.9458772576         4
  0.4729386288         4
  0.2364693144         4
  0.1182346572         2
  0.0591173286         2
