21
  145696835.0254159      0
  32377074.450092424      0
  10792358.150030809         3
  3597452.716676936         3
  1199150.9055589787         3
  399716.96851965954         3
  133238.9895065532         3
  44412.9965021844         3
  14804.3321673948         3
  4934.7773891316         4
  1644.9257963772         4
  548.3085987924         4
  182.76953293079998         4
  60.92317764359999         4
  20.307725881199996         4
  6.769241960399999         4
  2.2564139867999997         6
  0.7521379955999999         6
  0.25071266519999996         7
  0.08357088839999999         5
  0.027856962799999996         3
