19
  34354896.53187853      0
  7634421.451528561      0
  2544807.1505095204         2
  848269.0501698401         2
  282756.3500566134         2
  94252.1166855378         2
  31417.3722285126         3
  10472.457409504199         3
  3490.8191365013995         3
  1163.6063788338         3
  387.8687929446         4
  129.2895976482         4
  43.096532549399996         4
  14.365510849799998         4
  4.788503616599999         4
  1.5961678721999997         4
  0.5320559573999999         5
  0.17735198579999997         3
  0.05911732859999999         3
