21
  145696835.0254159      0
  32377074.450092424      0
  10792358.150030809         2
  3597452.716676936         2
  1199150.9055589787         2
  399716.96851965954         2
  133238.9895065532         2
  44412.9965021844         2
  14804.3321673948         2
  4934.7773891316         3
  1644.9257963772         3
  548.3085987924         3
  182.76953293079998         3
  60.92317764359999         3
  20.307725881199996         3
  6.769241960399999         3
  2.2564139867999997         5
  0.7521379955999999         5
  0.25071266519999996         6
  0.08357088839999999         4
  0.027856962799999996         2
