20
  66943435.15779987      0
  14876318.923955528      0
  4958772.974651842         2
  1652924.3248839474         2
  550974.7749613158         3
  183658.2583204386         3
  61219.419440146194         3
  20406.473146715398         3
  6802.1577155718         3
  2267.3859051905997         4
  755.7953017301999         4
  251.93176724339995         4
  83.97725574779999         4
  27.992418582599996         4
  9.3308061942         4
  3.1102687313999997         4
  1.0367562438         5
  0.3455854146         6
  0.11519513819999999         3
  0.038398379399999995         3
