19
  34354896.53187853      0
  7634421.451528561      0
  2544807.1505095204         1
  848269.0501698401         1
  282756.3500566134         1
  94252.1166855378         1
  31417.3722285126         2
  10472.457409504199         2
  3490.8191365013995         2
  1163.6063788338         2
  387.8687929446         3
  129.2895976482         3
  43.096532549399996         3
  14.365510849799998         3
  4.788503616599999         3
  1.5961678721999997         3
  0.5320559573999999         4
  0.17735198579999997         2
  0.05911732859999999         2
