30
  130872596.80172934      2
  32718149.200432334      2
  16359074.600216167         2
  8179537.3001080835         2
  4089768.6500540418         2
  2044884.3250270209         2
  1022442.1625135104         2
  511221.0812567552         2
  255610.5406283776         2
  127805.2703141888         4
  63902.6351570944         4
  31951.3175785472         4
  15975.6587892736         4
  7987.8293946368         4
  3993.9146973184         4
  1996.9573486592         4
  998.4786743296         4
  499.2393371648         4
  249.6196685824         4
  124.8098342912         4
  62.4049171456         4
  31.2024585728         4
  15.6012292864         4
  7.8006146432         4
  3.9003073216         4
  1.9501536608         4
  0.9750768304         4
  0.4875384152         4
  0.2437692076         2
  0.1218846038         2
