19
  41329475.571545646      0
  9184327.90478792      0
  3061442.634929307         3
  1020480.878309769         3
  340160.292769923         4
  113386.76425664099         4
  37795.588085546995         4
  12598.529361848998         4
  4199.509787282999         5
  1399.8365957609997         5
  466.6121985869999         5
  155.53739952899997         5
  51.84579984299999         5
  17.281933280999997         5
  5.760644426999999         5
  1.9202148089999997         5
  0.6400716029999999         5
  0.21335720099999997         4
  0.071119067         3
