19
  70830889.20865089      0
  15740197.60192242      0
  5246732.53397414         3
  1748910.8446580467         3
  582970.2815526823         3
  194323.42718422742         3
  64774.475728075806         4
  21591.491909358603         4
  7197.163969786201         4
  2399.0546565954005         5
  799.6848855318002         5
  266.5616285106001         5
  88.85387617020002         5
  29.617958723400008         5
  9.872652907800003         5
  3.2908843026000008         5
  1.0969614342000003         4
  0.3656538114000001         4
  0.12188460380000003         3
