20
  77481816.31948233      0
  17218181.404329408      0
  5739393.801443136         2
  1913131.2671477122         3
  637710.4223825707         3
  212570.14079419023         3
  70856.7135980634         3
  23618.9045326878         3
  7872.9681775626         4
  2624.3227258542         4
  874.7742419514001         4
  291.5914139838         4
  97.1971379946         4
  32.3990459982         4
  10.7996819994         4
  3.5998939998000004         4
  1.1999646666000001      6
  0.3999882222         4
  0.13332940740000002         2
  0.044443135800000005         2