20
  77481816.31948233      0
  17218181.404329408      0
  5739393.801443136         3
  1913131.2671477122         4
  637710.4223825707         4
  212570.14079419023         4
  70856.7135980634         4
  23618.9045326878         4
  7872.9681775626         5
  2624.3227258542         5
  874.7742419514001         5
  291.5914139838         5
  97.1971379946         5
  32.3990459982         5
  10.7996819994         5
  3.5998939998000004         5
  1.1999646666000001      6
  0.3999882222         5
  0.13332940740000002         3
  0.044443135800000005         3