19
  70830889.20865089      0
  15740197.60192242      0
  5246732.53397414         2
  1748910.8446580467         2
  582970.2815526823         2
  194323.42718422742         2
  64774.475728075806         3
  21591.491909358603         3
  7197.163969786201         3
  2399.0546565954005         4
  799.6848855318002         4
  266.5616285106001         4
  88.85387617020002         4
  29.617958723400008         4
  9.872652907800003         4
  3.2908843026000008         4
  1.0969614342000003         3
  0.3656538114000001         3
  0.12188460380000003         2
