20
  64091591.058116004      0
  14242575.790692447      0
  4747525.263564149         3
  1582508.4211880497         3
  527502.8070626833         3
  175834.26902089443         3
  58611.42300696481         4
  19537.141002321605         4
  6512.380334107202         4
  2170.7934447024004         5
  723.5978149008001         5
  241.19927163360003         5
  80.39975721120001         5
  26.799919070400005         5
  8.933306356800001         5
  2.9777687856000004         6
  0.9925895952000001         7
  0.33086319840000006         5
  0.11028773280000002         3
  0.036762577600000006         3
