30
  91089371.08608778      2
  22772342.771521945      2
  11386171.385760972         2
  5693085.692880486         2
  2846542.846440243         2
  1423271.4232201215         2
  711635.7116100608         2
  355817.8558050304         2
  177908.9279025152         2
  88954.4639512576         2
  44477.2319756288         2
  22238.6159878144         2
  11119.3079939072         2
  5559.6539969536         4
  2779.8269984768         4
  1389.9134992384         4
  694.9567496192         4
  347.4783748096         4
  173.7391874048         4
  86.8695937024         4
  43.4347968512         4
  21.7173984256         4
  10.8586992128         4
  5.4293496064         4
  2.7146748032         4
  1.3573374016         4
  0.6786687008         4
  0.3393343504         2
  0.1696671752         2
  0.0848335876         2
