19
  49299404.9874245      0
  10955423.330538778      0
  3651807.7768462594         3
  1217269.2589487531         3
  405756.4196495844         3
  135252.1398831948         3
  45084.04662773159         3
  15028.015542577197         3
  5009.338514192399         4
  1669.7795047307998         4
  556.5931682436         5
  185.53105608119998         5
  61.843685360399995         5
  20.6145617868         5
  6.8715205956         5
  2.2905068652         5
  0.7635022883999999         5
  0.25450076279999995         3
  0.08483358759999998         3
