20
  64091591.058116004      0
  14242575.790692447      0
  4747525.263564149         2
  1582508.4211880497         2
  527502.8070626833         2
  175834.26902089443         2
  58611.42300696481         3
  19537.141002321605         3
  6512.380334107202         3
  2170.7934447024004         4
  723.5978149008001         4
  241.19927163360003         4
  80.39975721120001         4
  26.799919070400005         4
  8.933306356800001         4
  2.9777687856000004         5
  0.9925895952000001         6
  0.33086319840000006         4
  0.11028773280000002         2
  0.036762577600000006         2
