20
  95810679.42162004      0
  21291262.093693342      0
  7097087.364564448         3
  2365695.788188149         3
  788565.2627293831         3
  262855.087576461         3
  87618.36252548701         3
  29206.120841829004         3
  9735.373613943002         4
  3245.1245379810007         4
  1081.7081793270002         5
  360.56939310900003         5
  120.18979770300001         5
  40.063265901         5
  13.354421967         5
  4.451473989         5
  1.483824663         6
  0.494608221         5
  0.164869407         3
  0.054956469         3
