19
  49299404.9874245      2
  10955423.330538778      2
  3651807.7768462594         2
  1217269.2589487531         2
  405756.4196495844         2
  135252.1398831948         2
  45084.04662773159         2
  15028.015542577197         2
  5009.338514192399         4
  1669.7795047307998         4
  556.5931682436         4
  185.53105608119998         4
  61.843685360399995         4
  20.6145617868         4
  6.8715205956         4
  2.2905068652         4
  0.7635022883999999         4
  0.25450076279999995         2
  0.08483358759999998         2
