5
31 0 0
     5.2601531E+07 
     1.3985489E+07 
     4.7556548E+06 
     1.7873263E+06 
     7.3560208E+05 
     3.2018499E+05 
     1.4684364E+05 
     6.9930670E+04 
     3.4459888E+04 
     1.7430272E+04 
     9.0190564E+03 
     4.7512056E+03 
     2.5426533E+03 
     1.3809714E+03 
     7.6059947E+02 
     4.2602224E+02 
     2.4189778E+02 
     1.3701630E+02 
     8.0276978E+01 
     4.7033985E+01 
     2.6888084E+01 
     1.5830915E+01 
     9.3249033E+00 
     5.2242079E+00 
     2.7178098E+00 
     1.5491547E+00 
     8.1003997E-01 
     3.4790630E-01 
     1.6072801E-01 
     6.8264102E-02 
     1.6219266E-02   
30 0 0
     7.0468615E+07
     2.6130859E+07
     9.8249347E+06
     3.8423737E+06
     1.5516686E+06
     6.4404966E+05
     2.7379098E+05
     1.1898813E+05
     5.2821568E+04
     2.3963029E+04
     1.1127848E+04
     5.3024284E+03
     2.5974966E+03
     1.3079374E+03
     6.7609293E+02
     3.5739437E+02
     1.9232396E+02
     1.0574758E+02
     5.8461825E+01
     3.2136502E+01
     1.8104486E+01
     9.9170035E+00
     5.3533857E+00
     2.7943454E+00
     1.4133679E+00
     6.6193507E-01
     2.6039981E-01
     9.9620482E-02
     3.5559533E-02
     9.2227486E-03 
21 0 0
     2.5704033E+05 
     5.9077821E+04 
     1.8463745E+04 
     6.8755361E+03 
     2.8949619E+03 
     1.3335983E+03 
     6.5607047E+02 
     3.3937238E+02 
     1.8174187E+02 
     1.0003473E+02 
     5.5712747E+01 
     3.0958673E+01 
     1.7442556E+01 
     9.7347306E+00 
     5.2928000E+00 
     2.8119679E+00 
     1.4046321E+00 
     6.6314517E-01 
     2.8656031E-01 
     9.8666235E-02 
     2.8144270E-02
14 0 0
     2.5420932E+03 
     8.3618132E+02 
     3.5021261E+02 
     1.6491640E+02 
     8.2982138E+01 
     4.3189017E+01 
     2.2913688E+01 
     1.2149867E+01 
     6.2910709E+00 
     3.1524984E+00 
     1.4757982E+00 
     5.6964552E-01 
     2.8533369E-01
     9.5539024E-02
6 0 0
      2.233077739E+02
      7.3547940E+01  
      2.5888656E+01
      9.4493428E+00   
      3.6291930E+00
      1.2033458E+00
2 0 0
       4.9857230E+01
       6.6778209E+00
