4
   28    0    0
8.18593067E+07
1.99699637E+07
6.05526774E+06
2.01462746E+06
7.23841742E+05
2.76063138E+05
1.10994167E+05
4.67302668E+04
2.05007645E+04
9.33124218E+03
4.39001238E+03
2.12706196E+03
1.05780714E+03
5.38299679E+02
2.79325745E+02
1.46674080E+02
7.52482955E+01
4.04021302E+01
2.17464560E+01
1.14337867E+01
6.11645850E+00
3.27041272E+00
1.59303796E+00
8.09571039E-01
3.86493465E-01
1.06707947E-01
5.10470125E-02
2.32696610E-02
   20    0    0
8.13851361E+05
1.18709071E+05
2.60089746E+04
7.35231022E+03
2.50218302E+03
9.71143141E+02
4.13732017E+02
1.88698607E+02
9.02591794E+01
4.46977280E+01
2.25238609E+01
1.15277331E+01
5.94498091E+00
3.09951147E+00
1.56553846E+00
7.66467667E-01
3.62105632E-01
1.26317930E-01
5.23241359E-02
2.14744982E-02
   13    0    0
1.70566193E+03
4.86935649E+02
1.84119157E+02
7.98119496E+01
3.73102973E+01
1.82769311E+01
9.09288136E+00
4.54976916E+00
2.23439895E+00
1.03519349E+00
4.54213168E-01
1.87647397E-01
7.12932516E-02
    3    0    0
1.22376520E+00
3.58162020E-01
1.19387330E-01
    2    0    0
6.90566690E-01
2.30188900E-01



** Available from the Dirac web site, http://dirac.chem.sdu.dk **