3
   21    0    0
3.83058379E+07
6.09275156E+06
1.32985625E+06
3.47536507E+05
1.03889211E+05
3.44671709E+04
1.24388723E+04
4.81010769E+03
1.96991676E+03
8.46322794E+02
3.78328455E+02
1.73406997E+02
7.33230130E+01
3.59526073E+01
1.75941755E+01
7.41776411E+00
3.52952040E+00
1.13033758E+00
4.87015435E-01
7.96270368E-02
3.13525164E-02
   14    0    0
3.02212236E+04
5.14151971E+03
1.38269223E+03
4.66755743E+02
1.80248048E+02
7.55015578E+01
3.32114883E+01
1.44360139E+01
6.53847361E+00
3.01093462E+00
1.21059204E+00
4.78587598E-01
1.02636224E-01
3.33412455E-02
   10    0    0
5.86959636E+02
1.71727603E+02
6.46816981E+01
2.73102912E+01
1.21406955E+01
5.46937997E+00
2.42362611E+00
9.61420781E-01
3.51157705E-01
1.13119386E-01
    2    0    0
6.75480140E-01
1.42226160E-01



** Available from the Dirac web site, http://dirac.chem.sdu.dk **