5
   33    0    0
8.97647920E+07
2.39995988E+07
8.29083825E+06
3.19804809E+06
1.34508362E+06
5.95878766E+05
2.74716553E+05
1.29413107E+05
6.17893660E+04
2.99485816E+04
1.48125723E+04
7.48948161E+03
3.86111974E+03
2.02169032E+03
1.07331397E+03
5.77850191E+02
3.15299718E+02
1.73712520E+02
9.58532388E+01
5.36880264E+01
3.03567495E+01
1.70966176E+01
9.24998043E+00
5.23965788E+00
2.96583949E+00
1.64023573E+00
8.86859328E-01
4.73375966E-01
2.38273606E-01
1.21856526E-01
6.09518121E-02
3.16166758E-02
1.65394412E-02
   25    0    0
8.07327488E+06
1.24962998E+06
2.70175549E+05
7.13240185E+04
2.19820339E+04
7.72605495E+03
3.03199789E+03
1.29918096E+03
5.95950304E+02
2.88341611E+02
1.45392630E+02
7.55470125E+01
4.01957346E+01
2.15954630E+01
1.17077997E+01
6.41327324E+00
3.57065628E+00
1.98079165E+00
1.07103262E+00
5.74287895E-01
3.02396414E-01
1.40226566E-01
6.78151377E-02
3.27999640E-02
1.57539602E-02
   17    0    0
6.51052159E+03
1.75735289E+03
6.46980817E+02
2.78015101E+02
1.31667518E+02
6.63098684E+01
3.48068136E+01
1.88072472E+01
1.02736565E+01
5.63503439E+00
3.07910262E+00
1.64555685E+00
8.45857954E-01
4.20175745E-01
2.01929231E-01
9.34711011E-02
4.10301204E-02
    4    0    0
1.81106029E+00
6.52515500E-01
2.33727868E-01
7.79092900E-02
    4    0    0
1.76797800E+00
1.17046736E+00
3.68264253E-01
1.22754800E-01
    2    0    0
8.19422842E-01
2.73140930E-01



** Available from the Dirac web site, http://dirac.chem.sdu.dk **