4
   33    0    0
9.55372301E+07
2.56470515E+07
8.95789436E+06
3.53612758E+06
1.54300054E+06
7.03610613E+05
3.25120967E+05
1.50916912E+05
7.09560096E+04
3.39843202E+04
1.66285615E+04
8.31383055E+03
4.24351505E+03
2.20652991E+03
1.16548935E+03
6.24148632E+02
3.38682170E+02
1.85963785E+02
1.02837368E+02
5.59664725E+01
3.12340456E+01
1.74818624E+01
9.65172924E+00
5.27821659E+00
2.92273323E+00
1.59024547E+00
8.67209709E-01
4.59933247E-01
2.40663492E-01
9.11697936E-02
5.07010959E-02
2.63090233E-02
1.35951434E-02
   25    0    0
4.86588338E+06
7.30259222E+05
1.56698157E+05
4.16406523E+04
1.30806628E+04
4.71628020E+03
1.89775088E+03
8.30621836E+02
3.87584493E+02
1.90102122E+02
9.68009307E+01
5.06438625E+01
2.70484835E+01
1.45106614E+01
7.79708604E+00
4.21463384E+00
2.28964235E+00
1.21706460E+00
6.37305209E-01
3.34638438E-01
1.74857191E-01
8.99516503E-02
4.55755002E-02
2.29961397E-02
1.15323828E-02
   15    0    0
2.93562364E+03
8.23516939E+02
3.09066953E+02
1.34402971E+02
6.37537132E+01
3.18771441E+01
1.65372261E+01
8.70330779E+00
4.59365637E+00
2.42997343E+00
1.33601235E+00
8.46617783E-01
3.86748937E-01
1.53901049E-01
4.05239054E-02
    4    0    0
1.31750491E+00
6.23414361E-01
2.38624800E-01
1.27202100E-01
    3    0    0
1.07981880E+00
4.13323090E-01
1.71360959E-01



** Available from the Dirac web site, http://dirac.chem.sdu.dk **