2
   21    0    0
2.33040464E+07
3.17820441E+06
6.36769195E+05
1.58723283E+05
4.61892389E+04
1.50982015E+04
5.40460883E+03
2.08024771E+03
8.48931577E+02
3.63023306E+02
1.59909815E+02
6.61625372E+01
3.19274323E+01
1.51773615E+01
5.83906209E+00
2.64914458E+00
7.23945441E-01
3.18364589E-01
1.57654590E-01
5.52582726E-02
2.29762764E-02
   15    0    0
2.02905846E+04
3.59644277E+03
9.97247387E+02
3.43302328E+02
1.34278617E+02
5.66766122E+01
2.52411443E+01
1.10542882E+01
4.96103740E+00
2.24113841E+00
8.08239113E-01
3.08061783E-01
1.52552630E-01
6.22782563E-02
2.22690315E-02
   10    0    0
4.33267649E+02
1.27365286E+02
4.79046900E+01
2.01243698E+01
8.85648167E+00
3.90027701E+00
1.64080283E+00
4.95251237E-01
3.35481100E-01
1.15773688E-01



** Available from the Dirac web site, http://dirac.chem.sdu.dk **