3
   29    0    0
8.26818774E+07
1.93389725E+07
5.61837344E+06
1.80350379E+06
6.29267831E+05
2.34628991E+05
9.26830327E+04
3.84858404E+04
1.66995286E+04
7.53303961E+03
3.51698704E+03
1.69279425E+03
8.37083181E+02
4.23994238E+02
2.19183724E+02
1.14698926E+02
5.83858288E+01
3.11458074E+01
1.66434325E+01
8.61012132E+00
4.51896303E+00
2.35365202E+00
1.08128826E+00
5.49446470E-01
2.64687364E-01
1.30234500E-01
7.23524259E-02
3.68625194E-02
1.78092267E-02
   20    0    0
4.61401273E+05
6.80589089E+04
1.53828331E+04
4.52410055E+03
1.59439007E+03
6.35525531E+02
2.76177253E+02
1.27773118E+02
6.16757439E+01
3.07052085E+01
1.54469033E+01
7.90871380E+00
4.06644462E+00
2.09840565E+00
1.02995272E+00
4.94556182E-01
2.33586520E-01
8.28758348E-02
3.69974893E-02
1.60536749E-02
   13    0    0
1.64614044E+03
4.71488437E+02
1.78633889E+02
7.77953698E+01
3.65413423E+01
1.80392165E+01
9.09551307E+00
4.59619753E+00
2.30127783E+00
1.10308753E+00
4.59122541E-01
1.75087430E-01
9.68010638E-02
    3    0    0
9.56145306E-01
3.64628200E-01
1.22699972E-01



** Available from the Dirac web site, http://dirac.chem.sdu.dk **