          14
   22840.0000000000                0
   3424.00000000000                0
   778.600000000000                0
   220.000000000000                0
   71.1400000000000                0
   53.2600000000000                1
   25.0800000000000                1
   10.5114246417886                1
   3.39485964363772                2
   2.37760299461453                3
   1.02145372874100                3
  0.728000000000000                3
  0.333933658402602                3
  0.106360895069570                3
