3
   23    0    0
5.91257405E+07
1.08552012E+07
2.61077716E+06
7.30096950E+05
2.29512815E+05
7.91241162E+04
2.94328145E+04
1.16654357E+04
4.87830978E+03
2.13558305E+03
9.72184945E+02
4.57532086E+02
2.21313616E+02
1.08741085E+02
5.15373572E+01
2.62925493E+01
1.33734473E+01
6.44316383E+00
3.17617127E+00
1.52559166E+00
5.06373017E-01
2.35390677E-01
1.00275324E-01
   16    0    0
1.44232694E+05
2.22428505E+04
5.43169807E+03
1.72167334E+03
6.41701325E+02
2.66053736E+02
1.18875922E+02
5.58471891E+01
2.71705069E+01
1.34466258E+01
6.45923055E+00
3.05885736E+00
1.42500468E+00
5.32247165E-01
2.10016659E-01
7.85965836E-02
   10    0    0
5.99466247E+02
1.75672026E+02
6.70179219E+01
2.87377103E+01
1.31862905E+01
6.21101127E+00
2.90745782E+00
1.33269967E+00
5.74576990E-01
2.12553180E-01
    1    0    0
4.62749660E-01



** Available from the Dirac web site, http://dirac.chem.sdu.dk **