4
   30    0    0
9.91593101E+07
2.62169775E+07
8.89176751E+06
3.37340512E+06
1.40999323E+06
6.26665742E+05
2.88825184E+05
1.35034653E+05
6.37195391E+04
3.04676530E+04
1.48546827E+04
7.40208285E+03
3.76660030E+03
1.95394995E+03
1.03146733E+03
5.53049132E+02
3.00772447E+02
1.65609510E+02
9.18101699E+01
5.02849306E+01
2.82504619E+01
1.59845844E+01
8.98132089E+00
4.82168403E+00
2.60970398E+00
1.39454081E+00
6.50176260E-01
3.35849381E-01
1.63814063E-01
7.71081154E-02
   21    0    0
2.75309494E+06
4.05936956E+05
8.73316063E+04
2.36574648E+04
7.66184434E+03
2.85273973E+03
1.17994342E+03
5.27857691E+02
2.50591044E+02
1.24587055E+02
6.40482645E+01
3.37325844E+01
1.80608927E+01
9.64781233E+00
5.07098484E+00
2.63733412E+00
1.35088575E+00
6.25167048E-01
2.90391995E-01
1.30783230E-01
5.69184458E-02
   13    0    0
1.92909664E+03
5.50957204E+02
2.08581489E+02
9.11604116E+01
4.32554602E+01
2.15761535E+01
1.11367515E+01
5.80495566E+00
3.00791395E+00
1.53558403E+00
7.46980965E-01
3.83603244E-01
1.61867736E-01
    2    0    0
7.04177410E-01
2.78907440E-01
    1    0    0
5.72879080E-01



** Available from the Dirac web site, http://dirac.chem.sdu.dk **