2
   15    0    0
3.44182887E+06
4.07068138E+05
7.77244849E+04
1.92426126E+04
5.65024729E+03
1.87425360E+03
6.81631156E+02
2.66608978E+02
1.09522841E+02
3.50346902E+01
1.49130743E+01
4.53761700E+00
1.93762065E+00
3.71820397E-01
1.40721423E-01
   11    0    0
7.41469836E+03
1.45355104E+03
4.26408063E+02
1.51422736E+02
5.98886667E+01
2.51773684E+01
1.07012630E+01
4.42319557E+00
1.77020284E+00
4.28396295E-01
1.27540235E-01
    7    0    0
1.84809810E+02
5.43191300E+01
1.98619765E+01
7.96442614E+00
3.20429727E+00
1.23191148E+00
3.65720969E-01



** Available from the Dirac web site, http://dirac.chem.sdu.dk **