5
30 0 0   
     6.1246901E+07 
     1.6300020E+07 
     5.5813571E+06 
     2.1264091E+06 
     8.8668481E+05 
     3.9077977E+05 
     1.8036975E+05 
     8.5977355E+04 
     4.2102479E+04 
     2.1066751E+04 
     1.0745584E+04 
     5.5752212E+03 
     2.9383327E+03 
     1.5709688E+03 
     8.5073016E+02 
     4.6585711E+02 
     2.5802008E+02 
     1.4513381E+02 
     8.2388504E+01 
     4.6124117E+01 
     2.6879729E+01 
     1.5446707E+01 
     8.4255017E+00 
     4.6959809E+00 
     2.4159508E+00 
     1.2809396E+00 
     6.3844724E-01 
     2.2448112E-01 
     9.6596642E-02 
     4.1191980E-02 
24 0 0
     2.7203900E+07
     5.6615004E+06
     1.4217381E+06
     4.0384359E+05
     1.2621432E+05
     4.2788326E+04
     1.5649513E+04
     6.1608015E+03
     2.5991637E+03
     1.1656924E+03
     5.4981062E+02
     2.6985121E+02
     1.3697462E+02
     7.0942048E+01
     3.7882818E+01
     2.0324381E+01
     1.0600377E+01
     5.5199647E+00
     2.7084293E+00
     1.3294682E+00
     6.0678222E-01
     2.0651031E-01
     7.8071626E-02
     2.8936511E-02
15 0 0
     1.5679950E+04
     3.9652197E+03
     1.3873022E+03
     5.7415710E+02
     2.6248492E+02
     1.2817347E+02
     6.5054823E+01
     3.3928610E+01
     1.7685491E+01
     9.0462529E+00
     4.5639222E+00
     2.1637378E+00
     9.8652630E-01
     4.1769281E-01
     1.5895153E-01
11 0 0
     8.7051811E+02
     2.9627631E+02
     1.2611167E+02
     5.9666418E+01
     2.9840778E+01
     1.5322483E+01
     7.8266973E+00
     3.8862800E+00
     1.7736378E+00
     6.1209188E-01
     2.1123618E-01
5 0 0
     9.2824412E+01
     2.2100378E+01  
     7.1817732E+00
     1.3625828E+00
     4.7023460E-01
1 0 0
    1.4294006E+01
