20
  77228110.56421833      0
  17161802.347604074      0
  5720600.7825346915         3
  1906866.9275115638         3
  635622.3091705212         3
  211874.1030568404         3
  70624.7010189468         3
  23541.5670063156         3
  7847.1890021051995         4
  2615.7296673684         4
  871.9098891228         4
  290.6366297076         5
  96.87887656919999         5
  32.2929588564         5
  10.7643196188         5
  3.5881065396         5
  1.1960355132         5
  0.3986785044         6
  0.1328928348         5
  0.0442976116         3
