20
  50932796.927224785      0
  11318399.317161063      0
  3772799.7723870208         2
  1257599.924129007         2
  419199.97470966895         2
  139733.324903223         2
  46577.774967740996         3
  15525.924989246998         3
  5175.308329748999         3
  1725.1027765829997         4
  575.0342588609999         4
  191.67808628699996         4
  63.892695428999986         4
  21.297565142999996         4
  7.0991883809999985         4
  2.3663961269999993         5
  0.7887987089999998         6
  0.26293290299999994         5
  0.08764430099999998         2
  0.029214766999999992         2
