31
  135198451.9992836      2
  33799612.9998209      2
  16899806.49991045         2
  8449903.249955226         2
  4224951.624977613         2
  2112475.8124888064         2
  1056237.9062444032         2
  528118.9531222016         2
  264059.4765611008         2
  132029.7382805504         2
  66014.8691402752         2
  33007.4345701376         2
  16503.7172850688         2
  8251.8586425344         2
  4125.9293212672         4
  2062.9646606336         4
  1031.4823303168         4
  515.7411651584         4
  257.8705825792         4
  128.9352912896         4
  64.4676456448         4
  32.2338228224         4
  16.1169114112         4
  8.0584557056         4
  4.0292278528         4
  2.0146139264         4
  1.0073069632         4
  0.5036534816         4
  0.2518267408         4
  0.1259133704         2
  0.0629566852         2
