19
  36586064.64900459      0
  8130236.588667688      0
  2710078.8628892293         3
  903359.6209630765         3
  301119.87365435885         3
  100373.29121811962         3
  33457.76373937321         3
  11152.587913124402         3
  3717.5293043748006         4
  1239.1764347916003         4
  413.0588115972001         5
  137.68627053240002         5
  45.89542351080001         5
  15.298474503600003         5
  5.099491501200001         5
  1.6998305004000003         5
  0.5666101668000001         5
  0.18887005560000003         3
  0.06295668520000001         3
