19
  36586064.64900459      2
  8130236.588667688      2
  2710078.8628892293         2
  903359.6209630765         2
  301119.87365435885         2
  100373.29121811962         2
  33457.76373937321         2
  11152.587913124402         2
  3717.5293043748006         4
  1239.1764347916003         4
  413.0588115972001         4
  137.68627053240002         4
  45.89542351080001         4
  15.298474503600003         4
  5.099491501200001         4
  1.6998305004000003         4
  0.5666101668000001         4
  0.18887005560000003         2
  0.06295668520000001         2
