20
  50932796.927224785      0
  11318399.317161063      0
  3772799.7723870208         3
  1257599.924129007         3
  419199.97470966895         3
  139733.324903223         3
  46577.774967740996         4
  15525.924989246998         4
  5175.308329748999         4
  1725.1027765829997         5
  575.0342588609999         5
  191.67808628699996         5
  63.892695428999986         5
  21.297565142999996         5
  7.0991883809999985         5
  2.3663961269999993         6
  0.7887987089999998         7
  0.26293290299999994         6
  0.08764430099999998         3
  0.029214766999999992         3
