21
  115686080.63997361      0
  25708017.919994134      0
  8569339.30666471         3
  2856446.4355549035         3
  952148.8118516345         3
  317382.93728387816         3
  105794.31242795939         3
  35264.770809319794         4
  11754.923603106598         4
  3918.307867702199         4
  1306.1026225673997         4
  435.3675408557999         5
  145.12251361859998         5
  48.374171206199996         5
  16.1247237354         6
  5.3749079118         8
  1.7916359706         8
  0.5972119902         7
  0.19907066340000001         5
  0.0663568878         3
  0.0221189626         3
