31
  92955234.15798579      2
  23238808.539496448      2
  11619404.269748224         2
  5809702.134874112         2
  2904851.067437056         2
  1452425.533718528         2
  726212.766859264         2
  363106.383429632         2
  181553.191714816         2
  90776.595857408         2
  45388.297928704         2
  22694.148964352         2
  11347.074482176         2
  5673.537241088         4
  2836.768620544         4
  1418.384310272         4
  709.192155136         4
  354.596077568         4
  177.298038784         4
  88.649019392         4
  44.324509696         4
  22.162254848         4
  11.081127424         4
  5.540563712         4
  2.770281856         4
  1.385140928         4
  0.692570464         4
  0.346285232         4
  0.173142616         4
  0.086571308         2
  0.043285654         2
