20
  75463871.57714163      0
  16769749.239364805      0
  5589916.413121602         2
  1863305.4710405339         3
  621101.8236801779         3
  207033.94122672596         3
  69011.31374224198         3
  23003.771247413995         3
  7667.923749137998         3
  2555.974583045999         4
  851.9915276819997         4
  283.9971758939999         4
  94.66572529799997         5
  31.55524176599999         5
  10.518413921999997         5
  3.506137973999999         6
  1.1687126579999998         6
  0.38957088599999995         5
  0.129856962         3
  0.043285654         3
