21
  115686080.63997361      0
  25708017.919994134      0
  8569339.30666471         2
  2856446.4355549035         2
  952148.8118516345         2
  317382.93728387816         2
  105794.31242795939         2
  35264.770809319794         3
  11754.923603106598         3
  3918.307867702199         3
  1306.1026225673997         3
  435.3675408557999         4
  145.12251361859998         4
  48.374171206199996         4
  16.1247237354         5
  5.3749079118         7
  1.7916359706         7
  0.5972119902         6
  0.19907066340000001         4
  0.0663568878         2
  0.0221189626         2
