20
  75463871.57714163      0
  16769749.239364805      0
  5589916.413121602         1
  1863305.4710405339         2
  621101.8236801779         2
  207033.94122672596         2
  69011.31374224198         2
  23003.771247413995         2
  7667.923749137998         2
  2555.974583045999         3
  851.9915276819997         3
  283.9971758939999         3
  94.66572529799997         4
  31.55524176599999         4
  10.518413921999997         4
  3.506137973999999         5
  1.1687126579999998         5
  0.38957088599999995         4
  0.129856962         2
  0.043285654         2
