20
  75463871.57714163      2
  16769749.239364805      2
  5589916.413121602         2
  1863305.4710405339         2
  621101.8236801779         2
  207033.94122672596         2
  69011.31374224198         2
  23003.771247413995         2
  7667.923749137998         2
  2555.974583045999         4
  851.9915276819997         4
  283.9971758939999         4
  94.66572529799997         4
  31.55524176599999         4
  10.518413921999997         4
  3.506137973999999         4
  1.1687126579999998         4
  0.38957088599999995         4
  0.129856962         2
  0.043285654         2
