20
  57158317.280046165      0
  12701848.284454703      0
  4233949.4281515675         3
  1411316.4760505224         3
  470438.82535017416         3
  156812.94178339138         3
  52270.98059446379         3
  17423.660198154597         4
  5807.886732718199         4
  1935.9622442393995         4
  645.3207480797998         4
  215.10691602659995         5
  71.70230534219998         5
  23.900768447399994         5
  7.966922815799998         6
  2.655640938599999         7
  0.8852136461999996         6
  0.29507121539999986         5
  0.09835707179999996         3
  0.032785690599999986         3
