20
  94087617.61492695      0
  20908359.469983768      0
  6969453.156661256         3
  2323151.0522204186         3
  774383.6840734729         3
  258127.89469115762         3
  86042.6315637192         3
  28680.8771879064         4
  9560.2923959688         4
  3186.7641319895997         4
  1062.2547106631998         4
  354.08490355439994         4
  118.02830118479999         4
  39.34276706159999         4
  13.114255687199998         4
  4.3714185624         4
  1.4571395208         4
  0.4857131736      6
  0.1619043912         4
  0.0539681304         3