19
  63937778.77028699      0
  14208395.282285998      0
  4736131.7607619995         2
  1578710.5869206665         2
  526236.8623068888         2
  175412.2874356296         3
  58470.762478543205         3
  19490.254159514403         3
  6496.751386504801         3
  2165.5837955016004         4
  721.8612651672001         4
  240.62042172240004         4
  80.20680724080002         4
  26.735602413600006         4
  8.911867471200003         4
  2.9706224904000007         4
  0.9902074968000002         4
  0.33006916560000005         4
  0.11002305520000001         3
