19
  63937778.77028699      2
  14208395.282285998      2
  4736131.7607619995         2
  1578710.5869206665         2
  526236.8623068888         2
  175412.2874356296         2
  58470.762478543205         2
  19490.254159514403         2
  6496.751386504801         2
  2165.5837955016004         2
  721.8612651672001         2
  240.62042172240004         2
  80.20680724080002         2
  26.735602413600006         2
  8.911867471200003         2
  2.9706224904000007         2
  0.9902074968000002         2
  0.33006916560000005         2
  0.11002305520000001         2
