19
  63937778.77028699      0
  14208395.282285998      0
  4736131.7607619995         1
  1578710.5869206665         1
  526236.8623068888         1
  175412.2874356296         2
  58470.762478543205         2
  19490.254159514403         2
  6496.751386504801         2
  2165.5837955016004         3
  721.8612651672001         3
  240.62042172240004         3
  80.20680724080002         3
  26.735602413600006         3
  8.911867471200003         3
  2.9706224904000007         3
  0.9902074968000002         3
  0.33006916560000005         3
  0.11002305520000001         2
