20
  121530850.4124177      0
  27006855.647203933      0
  9002285.215734644         3
  3000761.738578215         3
  1000253.9128594049         3
  333417.970953135         3
  111139.323651045         3
  37046.441217014995         3
  12348.813739004998         3
  4116.271246334999         4
  1372.0904154449997         4
  457.3634718149999         4
  152.45449060499996         4
  50.81816353499999         4
  16.939387844999995         4
  5.646462614999998         4
  1.8821542049999993         4
  0.6273847349999998      5
  0.20912824499999993         4
  0.06970941499999998         3