20
  94087617.61492695      0
  20908359.469983768      0
  6969453.156661256         2
  2323151.0522204186         2
  774383.6840734729         2
  258127.89469115762         2
  86042.6315637192         2
  28680.8771879064         3
  9560.2923959688         3
  3186.7641319895997         3
  1062.2547106631998         3
  354.08490355439994         3
  118.02830118479999         3
  39.34276706159999         3
  13.114255687199998         3
  4.3714185624         3
  1.4571395208         3
  0.4857131736      6
  0.1619043912         3
  0.0539681304         2