30
  118136355.97250068      2
  29534088.99312517      2
  14767044.496562585         2
  7383522.248281293         2
  3691761.1241406463         2
  1845880.5620703232         2
  922940.2810351616         2
  461470.1405175808         2
  230735.0702587904         2
  115367.5351293952         2
  57683.7675646976         2
  28841.8837823488         2
  14420.9418911744         2
  7210.4709455872         2
  3605.2354727936         2
  1802.6177363968         2
  901.3088681984         2
  450.6544340992         2
  225.3272170496         2
  112.6636085248         2
  56.3318042624         2
  28.1659021312         2
  14.0829510656         2
  7.0414755328         2
  3.5207377664         2
  1.7603688832         2
  0.8801844416         2
  0.4400922208         2
  0.2200461104         2
  0.1100230552         2
