6
   35    0    0
6.79156344E+07
1.80830628E+07
6.20729665E+06
2.37633910E+06
9.96428607E+05
4.41939164E+05
2.05208457E+05
9.83904612E+04
4.84553838E+04
2.44004054E+04
1.25416819E+04
6.56796742E+03
3.49996422E+03
1.89671893E+03
1.04558053E+03
5.86046571E+02
3.33395956E+02
1.91651704E+02
1.12674951E+02
6.73674525E+01
4.10669032E+01
2.63734333E+01
1.69204503E+01
1.05595498E+01
6.24365524E+00
3.74291839E+00
2.20091324E+00
1.27628771E+00
7.08442038E-01
3.94218338E-01
2.14205077E-01
1.18507119E-01
5.86714187E-02
3.01294814E-02
1.54914836E-02
   30    0    0
4.64276508E+07
1.16096411E+07
3.31386476E+06
1.04405645E+06
3.55317361E+05
1.29032914E+05
4.96717389E+04
2.02184689E+04
8.69586711E+03
3.94447278E+03
1.87856908E+03
9.33806064E+02
4.81351553E+02
2.55434830E+02
1.38841253E+02
7.65956444E+01
4.26676877E+01
2.43432485E+01
1.41047249E+01
8.19294769E+00
4.67183831E+00
2.65089333E+00
1.46617030E+00
7.92570590E-01
4.22748401E-01
2.22586055E-01
1.03917997E-01
5.22833837E-02
2.57342760E-02
1.25649835E-02
   19    0    0
3.84394496E+04
9.43723536E+03
3.22352098E+03
1.31250665E+03
5.97874750E+02
2.93968352E+02
1.52242700E+02
8.19560064E+01
4.51472391E+01
2.53188947E+01
1.42940139E+01
7.99791185E+00
4.39857745E+00
2.37066033E+00
1.22452173E+00
5.65506097E-01
2.49466436E-01
1.05666018E-01
4.22317784E-02
   13    0    0
6.27472612E+02
2.15783292E+02
9.21753216E+01
4.39558189E+01
2.20522253E+01
1.14835650E+01
6.02075974E+00
3.12064364E+00
1.57671245E+00
7.63207794E-01
3.47733920E-01
1.41724560E-01
5.77621267E-02
    5    0    0
1.36919950E+01
4.69687010E+00
1.55651340E+00
3.71396690E-01
1.36157860E-01
    4    0    0
9.34572420E+00
2.95329110E+00
3.23509290E-01
2.20837870E-01
    2    0    0
6.26361080E+00
6.86128190E-01



** Available from the Dirac web site, http://dirac.chem.sdu.dk **