4
   24    0    0
5.85718835E+07
1.35634488E+07
3.88755490E+06
1.22445586E+06
4.17501789E+05
1.51562926E+05
5.81571822E+04
2.34270145E+04
9.85536530E+03
4.30920085E+03
1.95021198E+03
9.10142129E+02
4.34916407E+02
1.99570476E+02
9.99726508E+01
5.09662262E+01
2.43424252E+01
1.26331841E+01
5.49393316E+00
2.67311108E+00
7.99848619E-01
3.50094097E-01
5.85656369E-02
2.40700689E-02
   19    0    0
2.52309351E+06
3.65642435E+05
7.57740050E+04
1.95960556E+04
6.04905075E+03
2.15368207E+03
8.55027250E+02
3.67805976E+02
1.67541569E+02
7.93163691E+01
3.77744074E+01
1.87291129E+01
9.02173047E+00
4.38677123E+00
2.07039817E+00
7.96121233E-01
3.11714367E-01
6.60788264E-02
2.38940301E-02
   13    0    0
4.09519081E+03
1.11500034E+03
4.10035394E+02
1.74076858E+02
8.03774939E+01
3.87941466E+01
1.92627795E+01
9.44903388E+00
4.52720560E+00
2.07099548E+00
7.98570267E-01
2.76356675E-01
8.48057842E-02
    8    0    0
1.28251614E+02
4.30146426E+01
1.70440655E+01
7.21853619E+00
3.00557214E+00
1.16592940E+00
3.87537462E-01
1.12411948E-01
    2    0    0
4.79772240E+00
5.25551900E-01



** Available from the Dirac web site, http://dirac.chem.sdu.dk **