5
   30    0    0
6.75544116E+07
1.78853649E+07
6.05946990E+06
2.26700518E+06
9.16206662E+05
3.87775330E+05
1.70663976E+05
7.74852967E+04
3.61954752E+04
1.73440045E+04
8.50908577E+03
4.26649295E+03
2.18275905E+03
1.13752493E+03
6.02595489E+02
3.23591695E+02
1.73991946E+02
9.56114640E+01
5.28439488E+01
2.83011335E+01
1.61475837E+01
9.00645291E+00
4.77452995E+00
2.53256119E+00
1.15633979E+00
5.97316073E-01
2.88598391E-01
7.60946296E-02
3.83124472E-02
1.85006770E-02
   24    0    0
1.64768815E+07
2.89982150E+06
6.61351084E+05
1.77022615E+05
5.35921406E+04
1.80425865E+04
6.69865800E+03
2.71445728E+03
1.18404244E+03
5.48221480E+02
2.65677292E+02
1.33417321E+02
6.87213788E+01
3.58705011E+01
1.92808824E+01
1.03179825E+01
5.38235949E+00
2.75652421E+00
1.29428446E+00
6.13601740E-01
2.80873098E-01
1.03428504E-01
4.45836541E-02
1.80762040E-02
   16    0    0
1.23323267E+04
3.18087527E+03
1.13195017E+03
4.74948400E+02
2.19960003E+02
1.08595812E+02
5.58875718E+01
2.94785180E+01
1.57841374E+01
8.37727332E+00
4.33598353E+00
2.17826022E+00
1.02133801E+00
4.18544593E-01
1.60505437E-01
5.68480669E-02
   11    0    0
3.43145704E+02
1.17149261E+02
4.96188492E+01
2.28720782E+01
1.11109597E+01
5.44169550E+00
2.61680892E+00
1.20658801E+00
5.18237712E-01
1.96523717E-01
7.45248180E-02
    3    0    0
8.83333880E+00
2.53296570E+00
2.77466020E-01
    2    0    0
5.45900760E+00
5.97990380E-01



** Available from the Dirac web site, http://dirac.chem.sdu.dk **