4
   23    0    0
3.72762353E+07
5.32300748E+06
1.10634454E+06
2.84791572E+05
8.52846549E+04
2.85996046E+04
1.04761523E+04
4.11910047E+03
1.71644571E+03
7.50666879E+02
3.41824047E+02
1.61019183E+02
7.79716207E+01
3.82332700E+01
1.74866163E+01
8.69401662E+00
4.32841888E+00
1.94244223E+00
9.36871023E-01
4.29893642E-01
1.08977354E-01
5.32478677E-02
2.43587229E-02
   16    0    0
1.67794424E+04
3.08215829E+03
8.81010886E+02
3.11221712E+02
1.24587220E+02
5.42005706E+01
2.48878879E+01
1.17878346E+01
5.69661782E+00
2.71663309E+00
1.31760469E+00
6.41979719E-01
3.10760198E-01
1.16284658E-01
4.85072666E-02
2.03416009E-02
    9    0    0
1.15545281E+02
3.41889182E+01
1.27448013E+01
5.22392958E+00
2.27924283E+00
9.99812579E-01
4.27648098E-01
1.74912833E-01
6.63265865E-02
    3    0    0
1.63941223E+00
4.01613785E-01
9.83850370E-02
    2    0    0
8.25222317E-01
2.02158221E-01



** Available from the Dirac web site, http://dirac.chem.sdu.dk **