3
   15    0    0
8.59904355E+05
1.08220080E+05
2.20028703E+04
5.75260006E+03
1.76723021E+03
6.08559950E+02
2.28347658E+02
9.18272879E+01
3.87263457E+01
1.24079581E+01
5.10726653E+00
1.36310175E+00
5.56585945E-01
8.24167204E-02
3.28581932E-02
   11    0    0
1.61958016E+03
3.58601463E+02
1.11258571E+02
4.06151204E+01
1.60978595E+01
6.65524465E+00
2.63172933E+00
1.10063824E+00
4.43368165E-01
9.67287916E-02
3.14829776E-02
    6    0    0
3.29035248E+01
9.17650142E+00
3.11099408E+00
1.11587274E+00
3.82718064E-01
1.17759016E-01
    2    0    0
8.63676263E-01
1.94276261E-01



** Available from the Dirac web site, http://dirac.chem.sdu.dk **