5
   30    0    0
1.08249475E+08
2.44527181E+07
6.99869767E+06
2.25526531E+06
7.99949246E+05
3.06372142E+05
1.25038087E+05
5.36667905E+04
2.40362397E+04
1.12070599E+04
5.41881953E+03
2.69614015E+03
1.37230189E+03
7.13571503E+02
3.78108239E+02
2.03065213E+02
1.10154897E+02
6.02390005E+01
3.29884618E+01
1.75369047E+01
9.57312795E+00
5.28075846E+00
2.89004489E+00
1.50824452E+00
7.83930834E-01
3.97882926E-01
1.50008087E-01
8.45476199E-02
4.16565237E-02
2.03821881E-02
   20    0    0
1.92874603E+05
2.96375850E+04
7.22403881E+03
2.28977209E+03
8.55831503E+02
3.57038782E+02
1.60860327E+02
7.66997291E+01
3.81645608E+01
1.95189652E+01
1.01773635E+01
5.37497060E+00
2.81491583E+00
1.45721728E+00
7.45969867E-01
3.75774226E-01
1.65502456E-01
7.84083915E-02
3.65281665E-02
1.69103875E-02
   12    0    0
3.68983632E+02
1.08664625E+02
4.15796147E+01
1.80747938E+01
8.34825903E+00
4.03937170E+00
2.00768518E+00
9.96374567E-01
4.86948322E-01
2.32322345E-01
1.06965398E-01
4.65931893E-02
    4    0    0
2.51065624E+00
7.32161344E-01
2.16309110E-01
6.39061751E-02
    4    0    0
2.30487518E+00
1.46946080E+00
3.58217530E-01
8.73244108E-02
    2    0    0
5.68097113E-01
1.38487767E-01



** Available from the Dirac web site, http://dirac.chem.sdu.dk **