5
   33    0    0
8.51812592E+07
2.25312129E+07
7.62674848E+06
2.85501661E+06
1.15534880E+06
4.90874551E+05
2.17267560E+05
9.94069531E+04
4.69022637E+04
2.27618592E+04
1.13377650E+04
5.78544068E+03
3.02032095E+03
1.61177183E+03
8.79174094E+02
4.90499196E+02
2.80040394E+02
1.63940376E+02
9.96487026E+01
6.30808423E+01
4.06321205E+01
2.56797833E+01
1.57773802E+01
9.91160850E+00
6.08221670E+00
3.61998698E+00
1.97763589E+00
1.08906546E+00
5.77993974E-01
2.78806570E-01
1.19297678E-01
5.37702384E-02
2.46424189E-02
   25    0    0
1.15301095E+07
1.85634615E+06
4.07999144E+05
1.08063449E+05
3.30334336E+04
1.14221656E+04
4.39871976E+03
1.85232935E+03
8.37377002E+02
4.00327119E+02
1.99987929E+02
1.03195143E+02
5.46198273E+01
2.92773111E+01
1.59382173E+01
8.86034458E+00
5.12111954E+00
3.04772554E+00
1.70254077E+00
9.19914931E-01
4.74215051E-01
2.05181526E-01
9.47558038E-02
4.31372377E-02
1.95020699E-02
   17    0    0
9.24551095E+03
2.44336371E+03
8.87409461E+02
3.77945519E+02
1.77897492E+02
8.92667875E+01
4.67798703E+01
2.52679553E+01
1.38266702E+01
7.63647435E+00
4.21421514E+00
2.27993188E+00
1.19299190E+00
6.01255077E-01
2.90324739E-01
1.33772176E-01
5.77825219E-02
    4    0    0
2.86610434E+00
1.06563510E+00
3.72280095E-01
1.24093400E-01
    3    0    0
2.04666180E+00
7.13684776E-01
2.37894930E-01
    2    0    0
1.51283301E+00
5.04277640E-01



** Available from the Dirac web site, http://dirac.chem.sdu.dk **