4
   28    0    0
8.11571378E+07
2.04156824E+07
6.40980911E+06
2.19982441E+06
8.11550176E+05
3.16023497E+05
1.29167561E+05
5.50874547E+04
2.44161884E+04
1.12038431E+04
5.30442147E+03
2.58254112E+03
1.28892265E+03
6.57572815E+02
3.41803663E+02
1.79751444E+02
9.25139679E+01
4.97949543E+01
2.68662653E+01
1.41643975E+01
7.72834288E+00
4.20396541E+00
2.12647100E+00
1.07338486E+00
5.11162053E-01
1.36130435E-01
6.13211689E-02
2.70269194E-02
   20    0    0
1.28847344E+06
1.87212859E+05
4.02103887E+04
1.10306125E+04
3.64355987E+03
1.38026853E+03
5.77175033E+02
2.59536869E+02
1.22902680E+02
6.04189480E+01
3.03358317E+01
1.54334659E+01
7.96096618E+00
4.16389070E+00
2.12494390E+00
1.03962413E+00
4.86749908E-01
1.60876306E-01
6.35760958E-02
2.50853813E-02
   13    0    0
2.08586264E+03
5.90268263E+02
2.22161766E+02
9.60245280E+01
4.48502139E+01
2.19514292E+01
1.09314442E+01
5.49253600E+00
2.68664583E+00
1.26393957E+00
5.60097245E-01
2.30332690E-01
8.60887284E-02
    3    0    0
1.97981370E+00
5.85290660E-01
1.95096900E-01
    2    0    0
1.33002570E+00
4.43341940E-01



** Available from the Dirac web site, http://dirac.chem.sdu.dk **