3
   21    0    0
4.22501375E+07
7.08868563E+06
1.59711213E+06
4.24932399E+05
1.28307222E+05
4.27805318E+04
1.54687128E+04
5.98222613E+03
2.44757500E+03
1.04992384E+03
4.68502068E+02
2.14462761E+02
9.12558043E+01
4.48566335E+01
2.20501797E+01
9.42145888E+00
4.59740257E+00
1.57990828E+00
6.69465867E-01
1.02031854E-01
3.77422908E-02
   14    0    0
4.34041481E+04
7.12852956E+03
1.85908587E+03
6.14790185E+02
2.34157570E+02
9.72179934E+01
4.25277199E+01
1.84788802E+01
8.42960080E+00
3.90097246E+00
1.63382283E+00
6.47089065E-01
1.29882932E-01
3.95406796E-02
   10    0    0
6.92813364E+02
2.01911419E+02
7.58423647E+01
3.19806432E+01
1.41645414E+01
6.37983417E+00
2.74495340E+00
1.13953861E+00
4.25395601E-01
1.36462187E-01
    2    0    0
1.17179810E+00
1.67287260E-01



** Available from the Dirac web site, http://dirac.chem.sdu.dk **