20
  36769807.842810236      0
  8171068.409513385      0
  2723689.469837795         2
  907896.4899459317         2
  302632.16331531055         2
  100877.38777177018         2
  33625.7959239234         2
  11208.598641307799         2
  3736.1995471026         2
  1245.3998490341999         3
  415.13328301139995         3
  138.37776100379998         3
  46.12592033459999         3
  15.375306778199997         4
  5.125102259399999         6
  1.7083674197999998         5
  0.5694558066         5
  0.1898186022         5
  0.0632728674         3
  0.021090955800000002         3
