21
  86144.7827488768      2
  21536.1956872192      2
  10768.0978436096         2
  5384.0489218048         2
  2692.0244609024         2
  1346.0122304512         2
  673.0061152256         2
  336.5030576128         2
  168.2515288064         2
  84.1257644032         2
  42.0628822016         2
  21.0314411008         2
  10.5157205504         2
  5.2578602752         2
  2.6289301376         2
  1.3144650688         2
  0.6572325344         2
  0.3286162672         2
  0.1643081336         2
  0.0821540668         2
  0.0410770334         2
