20
  36769807.842810236      0
  8171068.409513385      0
  2723689.469837795         1
  907896.4899459317         1
  302632.16331531055         1
  100877.38777177018         1
  33625.7959239234         1
  11208.598641307799         1
  3736.1995471026         1
  1245.3998490341999         2
  415.13328301139995         2
  138.37776100379998         2
  46.12592033459999         2
  15.375306778199997         3
  5.125102259399999         5
  1.7083674197999998         4
  0.5694558066         4
  0.1898186022         4
  0.0632728674         2
  0.021090955800000002         2
