4
   33    0    0
7.75365422E+07
2.06052271E+07
7.04966800E+06
2.68476767E+06
1.11295770E+06
4.85414028E+05
2.20826551E+05
1.03787647E+05
5.02023587E+04
2.49017141E+04
1.26462518E+04
6.56464598E+03
3.47778727E+03
1.87838395E+03
1.03424435E+03
5.81260331E+02
3.34671847E+02
2.00232310E+02
1.33637605E+02
8.86420817E+01
5.54897239E+01
3.37188981E+01
2.02948805E+01
1.25764128E+01
7.92589996E+00
4.99285613E+00
3.04826068E+00
1.83146114E+00
1.05865773E+00
5.59420261E-01
2.96538666E-01
1.50008039E-01
7.26099076E-02
   27    0    0
4.44372215E+07
1.03169623E+07
2.82766903E+06
8.65131734E+05
2.87398191E+05
1.02689658E+05
3.92117613E+04
1.59550559E+04
6.90789337E+03
3.16803140E+03
1.52745737E+03
7.68260494E+02
4.00298566E+02
2.14421578E+02
1.17291115E+02
6.52493038E+01
3.65241026E+01
2.03134259E+01
1.14805683E+01
6.48843926E+00
3.60113357E+00
1.95898028E+00
1.04660173E+00
5.15039002E-01
2.50180625E-01
1.17406775E-01
5.31584035E-02
   18    0    0
2.45319443E+04
6.15612266E+03
2.15091401E+03
8.91788278E+02
4.11843081E+02
2.04852930E+02
1.07114742E+02
5.81282220E+01
3.23298023E+01
1.82144132E+01
1.03853878E+01
5.90439528E+00
3.29322752E+00
1.81477002E+00
1.00379286E+00
6.05033104E-01
3.72516891E-01
1.55800800E-01
    2    0    0
5.88274980E-01
2.50201210E-01
    1    0    0
4.73129560E-01



** Available from the Dirac web site, http://dirac.chem.sdu.dk **