3
   28    0    0
7.61756518E+07
1.98499834E+07
6.53957214E+06
2.35962458E+06
9.13522194E+05
3.70734024E+05
1.56935233E+05
6.89053926E+04
3.12885404E+04
1.46488985E+04
7.05395149E+03
3.48460929E+03
1.76151822E+03
9.09201527E+02
4.77869334E+02
2.54278618E+02
1.33857601E+02
7.31570569E+01
4.01877937E+01
2.18928389E+01
1.22824521E+01
6.90064889E+00
3.76855245E+00
1.99745852E+00
1.04772815E+00
4.26461992E-01
2.00283038E-01
8.89786351E-02
   21    0    0
7.53102094E+06
1.16626810E+06
2.50450395E+05
6.54458986E+04
1.99322399E+04
6.92087351E+03
2.68460786E+03
1.13747028E+03
5.16210199E+02
2.46939828E+02
1.22749162E+02
6.27994973E+01
3.24873708E+01
1.67236049E+01
8.76792968E+00
4.45890514E+00
2.23380612E+00
1.09114802E+00
4.39293154E-01
1.83607745E-01
7.24033576E-02
   15    0    0
8.62797082E+03
2.28130470E+03
8.27325330E+02
3.51901205E+02
1.64968565E+02
8.21833666E+01
4.27290877E+01
2.27033664E+01
1.22606013E+01
6.64007859E+00
3.53920694E+00
1.84184721E+00
9.34887528E-01
4.49337100E-01
1.86444650E-01
    1    0    0
4.05977000E-01



** Available from the Dirac web site, http://dirac.chem.sdu.dk **