3
   21  
    4.76716569E+07
    8.85780213E+06
    2.13271716E+06
    5.91444786E+05
    1.83355348E+05
    6.21146979E+04
    2.26645336E+04
    8.80519941E+03
    3.60858100E+03
    1.54755208E+03
    6.89378471E+02
    3.15140312E+02
    1.38182652E+02
    6.81673701E+01
    3.35643795E+01
    1.43531864E+01
    7.23366317E+00
    2.78850745E+00
    1.31752658E+00
    3.24888716E-01
    1.26580436E-01
   15
    2.53817535E+05
    3.74699676E+04
    8.54270467E+03
    2.54055332E+03
    9.00086660E+02
    3.58408502E+02
    1.54196337E+02
    6.98648702E+01
    3.22303175E+01
    1.50109163E+01
    7.18477925E+00
    3.01682750E+00
    1.29734703E+00
    3.51707219E-01
    1.13965453E-01
   11 
    1.80142819E+03
    5.10725112E+02
    1.91813939E+02
    8.20523022E+01
    3.78288870E+01
    1.80291432E+01
    8.77223438E+00
    4.14272362E+00
    1.89787537E+00
    8.25505789E-01
    2.98523850E-01
    1 
    1.21693500E+00
