18
  35027212.604998164      0
  7783825.023332925      0
  2594608.341110975         3
  864869.4470369917         3
  288289.81567899726         3
  96096.60522633242         3
  32032.201742110807         3
  10677.400580703603         4
  3559.133526901201         4
  1186.3778423004003         4
  395.4592807668001         5
  131.81976025560002         5
  43.93992008520001         5
  14.646640028400002         5
  4.882213342800001         5
  1.6274044476000002         4
  0.5424681492000001         4
  0.18082271640000003         3
