19
  44467354.07787655      0
  9881634.239528123      0
  3293878.0798427076         2
  1097959.3599475692         2
  365986.4533158564         2
  121995.4844386188         3
  40665.1614795396         3
  13555.0538265132         3
  4518.3512755044         4
  1506.1170918348         4
  502.0390306116         4
  167.3463435372         4
  55.7821145124         4
  18.5940381708         4
  6.198012723600001         4
  2.0660042412000004         4
  0.6886680804000002      6
  0.22955602680000006         2
  0.07651867560000002         2