18
  35027212.604998164      2
  7783825.023332925      2
  2594608.341110975         2
  864869.4470369917         2
  288289.81567899726         2
  96096.60522633242         2
  32032.201742110807         2
  10677.400580703603         4
  3559.133526901201         4
  1186.3778423004003         4
  395.4592807668001         4
  131.81976025560002         4
  43.93992008520001         4
  14.646640028400002         4
  4.882213342800001         4
  1.6274044476000002         4
  0.5424681492000001         4
  0.18082271640000003         2
