29
  97078456.66398536      2
  24269614.16599634      2
  12134807.08299817         2
  6067403.541499085         2
  3033701.7707495424         2
  1516850.8853747712         2
  758425.4426873856         2
  379212.7213436928         2
  189606.3606718464         2
  94803.1803359232         2
  47401.5901679616         2
  23700.7950839808         4
  11850.3975419904         4
  5925.1987709952         4
  2962.5993854976         4
  1481.2996927488         4
  740.6498463744         4
  370.3249231872         4
  185.1624615936         4
  92.5812307968         4
  46.2906153984         4
  23.1453076992         4
  11.5726538496         4
  5.7863269248         4
  2.8931634624         4
  1.4465817312         4
  0.7232908656         4
  0.3616454328         2
  0.1808227164         2
