19
  63602077.095692195      0
  14133794.910153821      0
  4711264.970051274         3
  1570421.656683758         3
  523473.88556125265         3
  174491.2951870842         3
  58163.7650623614         4
  19387.9216874538         4
  6462.6405624846         4
  2154.2135208282         5
  718.0711736094         5
  239.3570578698         5
  79.7856859566         5
  26.595228652200003         5
  8.8650762174         5
  2.9550254058000003         5
  0.9850084686000001         5
  0.32833615620000006         4
  0.10944538540000003         3
