19
  44467354.07787655      0
  9881634.239528123      0
  3293878.0798427076         3
  1097959.3599475692         3
  365986.4533158564         3
  121995.4844386188         4
  40665.1614795396         4
  13555.0538265132         4
  4518.3512755044         5
  1506.1170918348         5
  502.0390306116         5
  167.3463435372         5
  55.7821145124         5
  18.5940381708         5
  6.198012723600001         5
  2.0660042412000004         5
  0.6886680804000002      6
  0.22955602680000006         3
  0.07651867560000002         3