3
11 0 0
  11420.0000000                    
   1712.0000000                    
    389.3000000                    
    110.0000000                    
     35.5700000                    
     12.5400000                    
      4.6440000                    
      0.5118000                    
      1.2930000                    
      0.1787000                    
      0.0576000                    
6 0 0
     26.6300000             
      5.9480000             
      1.7420000             
      0.5550000             
      0.1725000             
      0.0491000             
3 0 0
      1.6540000             
      0.4690000             
      0.1510000             
2 0 0
      1.0930000             
      0.3640000             
