3
   15    0    0
    1.71695092E+05
    2.44953145E+04
    5.41696657E+03
    1.50480183E+03
    4.83958367E+02
    1.72764044E+02
    6.67046428E+01
    2.73213278E+01
    1.17083422E+01
    5.20267195E+00
    2.33614567E+00
    9.02717148E-01
    3.60512780E-01
    1.42291190E-01
    5.14772480E-02
    9    0    0
    1.46219090E+02
    3.43328856E+01
    1.08245932E+01
    3.92374865E+00
    1.55057907E+00
    6.29000400E-01
    2.52351112E-01
    9.78127520E-02
    3.34953716E-02
    4    0    0
    2.89132755E+01
    1.56793871E+00
    4.56143189E-01
    1.45843916E-01
    2    0    0
    1.02136377E+00
    3.36667695E-01
#Extracted from:
# basis dyall.aae3z
#K.G. Dyall, Theor. Chem. Acc. (2016) 135:128
#https://doi.org/10.5281/zenodo.7574628

