2
   11    0    0
    1.18811750E+04
    1.75538845E+03
    3.95938764E+02
    1.11307086E+02
    3.58959691E+01
    1.26367612E+01
    4.66951503E+00
    1.29793688E+00
    5.15279750E-01
    1.79915698E-01
    5.72423049E-02
    7    0    0
    4.76179541E+01
    1.09319427E+01
    3.29673806E+00
    1.12932532E+00
    3.93173563E-01
    1.31750516E-01
    4.00347301E-02
    2    0    0
    8.26922465E-01
    2.25482421E-01
#Extracted from:
# basis dyall.aae2z
#K.G. Dyall, Theor. Chem. Acc. (2016) 135:128
#https://doi.org/10.5281/zenodo.7574628

