2 
   18    0    0
    1.95972410E+06
    2.63056820E+05
    5.60179251E+04
    1.51628054E+04
    4.78777893E+03
    1.68623836E+03
    6.44956202E+02
    2.63305439E+02
    1.13351501E+02
    5.09613531E+01
    2.37238710E+01
    1.13682901E+01
    5.58093751E+00
    2.75561050E+00
    1.19893791E+00
    5.51424479E-01
    2.50092884E-01
    1.11673224E-01
   10    0    0
    4.16480306E+02
    9.69044493E+01
    3.10755074E+01
    1.16030141E+01
    4.73548469E+00
    2.06082734E+00
    9.24118820E-01
    4.14302025E-01
    1.83471522E-01
    7.86226308E-02
    3    0    0
    2.68067932E+00
    9.53742571E-01
    3.34244982E-01
# Extracted from:
# K.G. Dyall, Theor. Chem. Acc. (2016) 135:128.
