3
   19    0    0
1.12411711E+06
1.48138260E+05
3.11575176E+04
8.35793261E+03
2.61959305E+03
9.16853842E+02
3.48747556E+02
1.41535588E+02
6.04056479E+01
2.68077529E+01
1.22022418E+01
5.45495305E+00
2.37672722E+00
1.01638181E+00
4.31653097E-01
1.69635066E-01
6.66647730E-02
3.10197855E-02
1.55060604E-02
   12    0    0
5.22534651E+02
1.20882492E+02
3.83480956E+01
1.41479852E+01
5.70193619E+00
2.37169137E+00
9.79354668E-01
3.91848733E-01
1.92778800E-01
9.48418680E-02
3.61912121E-02
1.46652179E-02
    4    0    0
5.38236614E+00
1.54959574E+00
3.34901424E-01
7.23794995E-02
    2    0    0
3.33464785E+00
7.20690104E-01



** Available from the Dirac web site, http://dirac.chem.sdu.dk **