4
   25    0    0
2.34346485E+07
3.04845356E+06
6.17887484E+05
1.59701263E+05
4.85076947E+04
1.65471915E+04
6.16653694E+03
2.46467076E+03
1.04252868E+03
4.62206362E+02
2.13229121E+02
1.01720084E+02
4.99001210E+01
2.50700757E+01
1.28253461E+01
6.58105506E+00
3.17972129E+00
1.54625055E+00
7.49671871E-01
3.58289717E-01
1.66568880E-01
7.74378679E-02
4.21082437E-02
2.64314843E-02
1.49370006E-02
   15    0    0
1.69443651E+03
3.76705653E+02
1.18596745E+02
4.42278785E+01
1.82238897E+01
8.03267762E+00
3.67036139E+00
1.68581545E+00
7.66755747E-01
3.38279701E-01
1.83941405E-01
1.00019127E-01
4.53783723E-02
2.17159879E-02
1.05454779E-02
    6    0    0
9.29169375E+00
3.20046609E+00
1.12370706E+00
3.84493095E-01
1.31560035E-01
5.41887396E-02
    4    0    0
5.97038162E+00
2.03417288E+00
4.35084841E-01
9.30593565E-02
    2    0    0
4.12290222E+00
8.81838645E-01



** Available from the Dirac web site, http://dirac.chem.sdu.dk **