2
   21    0    0
4.52454474E+07
8.06913583E+06
1.89030230E+06
5.15164594E+05
1.57917873E+05
5.31299541E+04
1.93090892E+04
7.48643551E+03
3.06581053E+03
1.31489101E+03
5.86133042E+02
2.68053609E+02
1.15960596E+02
5.72055564E+01
2.81847965E+01
1.20444518E+01
5.99464606E+00
2.21813817E+00
9.96628933E-01
2.06852767E-01
7.81075870E-02
   15    0    0
1.75024680E+05
2.62827500E+04
6.16829182E+03
1.88575085E+03
6.81964315E+02
2.75536358E+02
1.19641083E+02
5.44395323E+01
2.47637780E+01
1.15612755E+01
5.49201008E+00
2.30932764E+00
9.44728464E-01
2.21380094E-01
6.81775450E-02
   11    0    0
1.35467891E+03
3.88072853E+02
1.46260893E+02
6.24965159E+01
2.86563738E+01
1.35268000E+01
6.48705608E+00
2.97708822E+00
1.30747793E+00
5.38655350E-01
1.84430760E-01



** Available from the Dirac web site, http://dirac.chem.sdu.dk **