4
   33    0    0
7.96795500E+07
2.11119522E+07
7.16696365E+06
2.69225712E+06
1.09392608E+06
4.66481899E+05
2.07119015E+05
9.49506494E+04
4.48270474E+04
2.17399110E+04
1.08086310E+04
5.49968365E+03
2.86206988E+03
1.52365581E+03
8.30254969E+02
4.63322519E+02
2.65118336E+02
1.57309286E+02
1.04467316E+02
7.13295895E+01
4.47433517E+01
2.70077218E+01
1.58933254E+01
9.77317714E+00
6.01995245E+00
3.71106157E+00
2.27068593E+00
1.34243415E+00
7.51652042E-01
3.50622525E-01
1.85093891E-01
9.21194301E-02
4.43489075E-02
   27    0    0
4.35240669E+07
9.93626260E+06
2.66826171E+06
8.00364173E+05
2.62508245E+05
9.36979134E+04
3.58154675E+04
1.45827428E+04
6.32551995E+03
2.90565733E+03
1.40227219E+03
7.05148797E+02
3.66566945E+02
1.95574797E+02
1.06434677E+02
5.88793257E+01
3.27612146E+01
1.80870206E+01
1.00907428E+01
5.63112444E+00
3.05778465E+00
1.60852839E+00
8.22049370E-01
3.79623210E-01
1.74936279E-01
7.77264302E-02
3.37443498E-02
   18    0    0
1.81464427E+04
4.61331704E+03
1.63137076E+03
6.82315856E+02
3.17168340E+02
1.58413900E+02
8.29945687E+01
4.50715619E+01
2.50183081E+01
1.40479225E+01
7.96553731E+00
4.49050650E+00
2.47535735E+00
1.34007678E+00
7.21422907E-01
3.95454416E-01
2.15733668E-01
8.83341652E-02
    2    0    0
3.99547860E-01
1.51527680E-01
    1    0    0
3.57815540E-01



** Available from the Dirac web site, http://dirac.chem.sdu.dk **