3
   28    0    0
7.74534403E+07
1.99067942E+07
6.42651511E+06
2.26767650E+06
8.58724261E+05
3.41934390E+05
1.42421167E+05
6.16871088E+04
2.76879156E+04
1.28355618E+04
6.12815896E+03
3.00493669E+03
1.50942383E+03
7.74886852E+02
4.05407833E+02
2.14824953E+02
1.12075676E+02
6.08743786E+01
3.31890244E+01
1.77951378E+01
9.93225188E+00
5.53108388E+00
2.96897898E+00
1.54241230E+00
7.80222349E-01
2.74016006E-01
1.26412099E-01
5.53500260E-02
   21    0    0
5.61980376E+06
8.50526578E+05
1.81275782E+05
4.74666186E+04
1.46099329E+04
5.15260775E+03
2.03062504E+03
8.72200721E+02
4.00272550E+02
1.93106728E+02
9.65908914E+01
4.95791320E+01
2.55941371E+01
1.31828770E+01
6.88259247E+00
3.44761101E+00
1.69239648E+00
7.93855133E-01
2.85023748E-01
1.13935931E-01
4.36767301E-02
   15    0    0
6.25274119E+03
1.68298402E+03
6.17043940E+02
2.64357763E+02
1.24314710E+02
6.19714288E+01
3.21431431E+01
1.69744422E+01
9.09025481E+00
4.85305289E+00
2.53095738E+00
1.27898151E+00
6.25394670E-01
2.88425001E-01
1.09938726E-01
    1    0    0
2.48626760E-01



** Available from the Dirac web site, http://dirac.chem.sdu.dk **