6
   37    0    0
5.76158725E+07
1.53376612E+07
5.24781875E+06
1.99659729E+06
8.33932674E+05
3.69703802E+05
1.72969669E+05
8.42486966E+04
4.25391798E+04
2.21195848E+04
1.18273059E+04
6.50202634E+03
3.68603205E+03
2.15788556E+03
1.29608721E+03
7.87315982E+02
4.78704804E+02
2.96304473E+02
1.87576025E+02
1.20138024E+02
7.30618039E+01
4.76550579E+01
3.05573643E+01
1.91087678E+01
1.19218209E+01
7.31977513E+00
4.47952407E+00
2.69239292E+00
1.64134671E+00
1.01978973E+00
6.03206741E-01
3.56344810E-01
2.04928560E-01
1.23714601E-01
6.32955808E-02
3.28544757E-02
1.68552588E-02
   34    0    0
7.94733578E+07
3.01695102E+07
1.15365272E+07
4.60098496E+06
1.90178117E+06
8.10996806E+05
3.55348739E+05
1.59723559E+05
7.35596377E+04
3.46912256E+04
1.67554409E+04
8.29096162E+03
4.20745001E+03
2.19330201E+03
1.17490990E+03
6.45420979E+02
3.62800388E+02
2.07772109E+02
1.20530900E+02
7.07310575E+01
4.18718417E+01
2.45770072E+01
1.42143256E+01
8.29718885E+00
4.76115924E+00
2.69308792E+00
1.50791045E+00
8.15322989E-01
4.30546117E-01
2.24905339E-01
1.11195201E-01
5.42387790E-02
2.59785145E-02
1.23985420E-02
   24    0    0
5.19651793E+05
1.19938289E+05
3.75753279E+04
1.39586899E+04
5.84198543E+03
2.67510022E+03
1.31448346E+03
6.82269900E+02
3.69180076E+02
2.06543683E+02
1.18217468E+02
6.88775753E+01
4.05223917E+01
2.38180756E+01
1.39052506E+01
8.11438825E+00
4.68463507E+00
2.63649114E+00
1.45360535E+00
7.69925687E-01
3.69936255E-01
1.70752909E-01
7.55098043E-02
3.17634514E-02
   15    0    0
1.95673923E+03
6.55309391E+02
2.77344387E+02
1.32519823E+02
6.74256283E+01
3.57732737E+01
1.92639716E+01
1.03946341E+01
5.51964904E+00
2.82319821E+00
1.37429515E+00
6.33246076E-01
2.71495697E-01
1.02112100E-01
5.59169700E-02
    6    0    0
3.55978910E+00
1.30925550E+00
7.98900430E-01
4.64157150E-01
1.48428290E-01
7.82108400E-02
    5    0    0
3.70743640E+00
2.20677810E+00
7.05555120E-01
1.82852240E-01
1.18886600E-01
    2    0    0
1.80002640E+00
3.03305830E-01



** Available from the Dirac web site, http://dirac.chem.sdu.dk **