5
   33    0    0
5.76066586E+07
1.53330988E+07
5.24443479E+06
1.99394726E+06
8.31464667E+05
3.67473805E+05
1.70948981E+05
8.24982075E+04
4.10685574E+04
2.09310968E+04
1.08818578E+04
5.75185017E+03
3.08541385E+03
1.67630259E+03
9.20364861E+02
5.07302703E+02
2.85301180E+02
1.62083524E+02
9.25022566E+01
5.49966961E+01
3.24980550E+01
1.91392241E+01
1.13827096E+01
6.78605239E+00
4.14962214E+00
2.39864827E+00
1.37905561E+00
7.71434098E-01
4.21376414E-01
2.23629822E-01
8.57957583E-02
4.12837515E-02
1.95884943E-02
   29    0    0
5.25757994E+07
1.53016586E+07
4.82246161E+06
1.63204561E+06
5.84338636E+05
2.19508321E+05
8.60850387E+04
3.51729557E+04
1.49757453E+04
6.65282188E+03
3.08427019E+03
1.48921128E+03
7.45288665E+02
3.84521300E+02
2.03927219E+02
1.10523340E+02
6.13455693E+01
3.44043754E+01
1.90941469E+01
1.06846282E+01
5.93146271E+00
3.23099218E+00
1.72764783E+00
8.71896836E-01
4.34197933E-01
2.09326077E-01
8.21010500E-02
3.62374166E-02
1.54575878E-02
   20    0    0
1.05911197E+05
2.49745718E+04
8.10885266E+03
3.15052049E+03
1.38064789E+03
6.58188948E+02
3.32909042E+02
1.76023221E+02
9.57807041E+01
5.33372866E+01
2.98648211E+01
1.65267777E+01
9.18292078E+00
5.04009477E+00
2.69515415E+00
1.40515512E+00
6.96096851E-01
2.92114841E-01
1.16138837E-01
4.30136111E-02
   13    0    0
1.12059073E+03
3.78109512E+02
1.60367912E+02
7.55357046E+01
3.77374959E+01
1.92860222E+01
9.87952306E+00
4.94160467E+00
2.29263317E+00
1.00721685E+00
4.08826436E-01
1.43589540E-01
6.59016610E-02
    4    0    0
2.38481100E+00
7.28703680E-01
1.88375550E-01
1.26419700E-01
    2    0    0
1.31754150E+00
2.22006800E-01



** Available from the Dirac web site, http://dirac.chem.sdu.dk **