4
   26    0    0
5.66558835E+07
1.48135667E+07
4.88533739E+06
1.75415012E+06
6.73061041E+05
2.68964971E+05
1.11487336E+05
4.76492741E+04
2.09574169E+04
9.46222638E+03
4.37806307E+03
2.07249762E+03
1.00111603E+03
4.80277128E+02
2.43055991E+02
1.25931247E+02
6.20836058E+01
3.30052701E+01
1.55461442E+01
8.33878936E+00
3.44781276E+00
1.83454311E+00
6.31257720E-01
2.97560670E-01
6.57470359E-02
2.67492898E-02
   23    0    0
2.60296683E+07
5.43181998E+06
1.35719412E+06
3.81433696E+05
1.17489827E+05
3.91496340E+04
1.40496708E+04
5.42485582E+03
2.24610178E+03
9.89238513E+02
4.57977117E+02
2.20412860E+02
1.08524340E+02
5.55073232E+01
2.86974363E+01
1.44378050E+01
7.42972335E+00
3.44898812E+00
1.65994740E+00
6.28151800E-01
2.61201379E-01
6.46785203E-02
2.34352156E-02
   17    0    0
3.20123396E+04
7.80386231E+03
2.63869910E+03
1.06416843E+03
4.78508938E+02
2.31288654E+02
1.17184762E+02
6.13245950E+01
3.24906007E+01
1.70515326E+01
8.95737564E+00
4.59100975E+00
2.30124854E+00
1.09618255E+00
4.53383444E-01
1.68651874E-01
5.60821575E-02
   12    0    0
6.46848575E+02
2.18643174E+02
9.17934990E+01
4.22829424E+01
2.02683771E+01
9.76276880E+00
4.56413422E+00
1.86546279E+00
7.05940727E-01
2.29130272E-01
9.81987886E-02
6.59016610E-02
    2    0    0
1.35524640E+00
2.28360070E-01



** Available from the Dirac web site, http://dirac.chem.sdu.dk **