3
   28    0    0
7.48423264E+07
1.95885756E+07
6.50058918E+06
2.36607377E+06
9.24863019E+05
3.78820775E+05
1.61704848E+05
7.15003854E+04
3.26552168E+04
1.53569844E+04
7.41759707E+03
3.67129605E+03
1.85801382E+03
9.59489204E+02
5.04269972E+02
2.68199832E+02
1.41151661E+02
7.70954371E+01
4.23373885E+01
2.30914483E+01
1.29810095E+01
7.32385894E+00
4.03606176E+00
2.15735140E+00
1.14324160E+00
4.84124790E-01
2.27819260E-01
1.01342458E-01
   21    0    0
8.10131557E+06
1.26524380E+06
2.72618852E+05
7.12720009E+04
2.16623676E+04
7.49333216E+03
2.89448485E+03
1.22174491E+03
5.52689742E+02
2.63727568E+02
1.30846524E+02
6.68611444E+01
3.45840034E+01
1.78019021E+01
9.34468903E+00
4.76710191E+00
2.40022684E+00
1.18493691E+00
4.92315492E-01
2.07474884E-01
8.23332857E-02
   15    0    0
9.56806256E+03
2.51543754E+03
9.08866259E+02
3.85620914E+02
1.80551164E+02
8.99140065E+01
4.67714973E+01
2.48946885E+01
1.34747076E+01
7.32692316E+00
3.92993904E+00
2.06167169E+00
1.05656103E+00
5.12785410E-01
2.15222000E-01
    1    0    0
4.76723630E-01



** Available from the Dirac web site, http://dirac.chem.sdu.dk **