4
   33    0    0
7.59319702E+07
2.01918471E+07
6.91309608E+06
2.63380369E+06
1.09275933E+06
4.77350472E+05
2.17435726E+05
1.02200669E+05
4.94008883E+04
2.44884159E+04
1.24332346E+04
6.45528007E+03
3.42234753E+03
1.85153999E+03
1.02289931E+03
5.77979942E+02
3.34913890E+02
2.01130530E+02
1.32253635E+02
8.80314465E+01
5.55872930E+01
3.39231809E+01
2.03080521E+01
1.26921523E+01
7.95474085E+00
4.99886482E+00
3.07079790E+00
1.88151538E+00
1.10615171E+00
5.82742939E-01
3.11565390E-01
1.59906614E-01
7.84762919E-02
   27    0    0
4.39431194E+07
1.01937765E+07
2.77691569E+06
8.46774034E+05
2.81825550E+05
1.00908058E+05
3.85988085E+04
1.57325284E+04
6.81865918E+03
3.12812676E+03
1.50844345E+03
7.58874581E+02
3.95642406E+02
2.12254704E+02
1.16479160E+02
6.50731143E+01
3.66003409E+01
2.04705152E+01
1.16487329E+01
6.61504258E+00
3.68472204E+00
2.02720171E+00
1.09803359E+00
5.56044183E-01
2.72967227E-01
1.29675711E-01
5.93397399E-02
   18    0    0
2.72820379E+04
6.82428024E+03
2.37700822E+03
9.82865401E+02
4.52809791E+02
2.24862765E+02
1.17497255E+02
6.37438987E+01
3.54706631E+01
1.99927697E+01
1.14032726E+01
6.48690963E+00
3.62270352E+00
1.99926928E+00
1.10444484E+00
6.77357405E-01
4.31726720E-01
1.80473748E-01
    2    0    0
6.65710450E-01
2.99535370E-01
    1    0    0
5.28683850E-01



** Available from the Dirac web site, http://dirac.chem.sdu.dk **