2
   21    0    0
4.79578326E+07
9.04292743E+06
2.19959406E+06
6.14117878E+05
1.91258945E+05
6.49876195E+04
2.37589185E+04
9.24138595E+03
3.78988485E+03
1.62580877E+03
7.24292309E+02
3.31147981E+02
1.45745038E+02
7.18803328E+01
3.53927479E+01
1.51571648E+01
7.66704355E+00
2.98773483E+00
1.43153305E+00
3.67400732E-01
1.44011855E-01
   15    0    0
2.81773747E+05
4.14212882E+04
9.36856349E+03
2.76346063E+03
9.72894041E+02
3.85623880E+02
1.65397231E+02
7.48094176E+01
3.45694513E+01
1.60788107E+01
7.70648406E+00
3.24418792E+00
1.41638808E+00
3.98205340E-01
1.30222232E-01
   11    0    0
1.95959651E+03
5.53672740E+02
2.07645956E+02
8.88217231E+01
4.09925340E+01
1.95816201E+01
9.56107055E+00
4.54825152E+00
2.10524778E+00
9.27044060E-01
3.39242330E-01



** Available from the Dirac web site, http://dirac.chem.sdu.dk **