25
  2265519.3350930433      2
  566379.8337732608      2
  283189.9168866304         2
  141594.9584433152         2
  70797.4792216576         2
  35398.7396108288         2
  17699.3698054144         2
  8849.6849027072         2
  4424.8424513536         2
  2212.4212256768         2
  1106.2106128384         2
  553.1053064192         2
  276.5526532096         2
  138.2763266048         2
  69.1381633024         4
  34.5690816512         4
  17.2845408256         4
  8.6422704128         4
  4.3211352064         4
  2.1605676032         4
  1.0802838016         4
  0.5401419008         4
  0.2700709504         2
  0.1350354752         2
  0.0675177376         2
