21
  188047285.2355101      0
  41788285.607891135      0
  13929428.535963712         2
  4643142.845321237         2
  1547714.2817737458         2
  515904.7605912486         2
  171968.2535304162         3
  57322.7511768054         3
  19107.583725601802         3
  6369.1945752006         3
  2123.0648584002         3
  707.6882861334001         4
  235.89609537780004         4
  78.63203179260002         4
  26.210677264200005         4
  8.736892421400002         4
  2.9122974738000007         6
  0.9707658246000003         7
  0.32358860820000007         6
  0.10786286940000002         3
  0.035954289800000004         3
