19
  25175539.219050463      0
  5594564.270900103      0
  1864854.756966701         2
  621618.2523222336         2
  207206.0841074112         2
  69068.6947024704         2
  23022.8982341568         3
  7674.2994113856         3
  2558.0998037952         3
  852.6999345984         3
  284.2333115328         3
  94.74443717759999         4
  31.581479059199996         4
  10.5271596864         4
  3.5090532287999996         5
  1.1696844095999999         6
  0.3898948032         5
  0.12996493439999998         3
  0.043321644799999996         3
