21
  188047285.2355101      0
  41788285.607891135      0
  13929428.535963712         1
  4643142.845321237         1
  1547714.2817737458         1
  515904.7605912486         1
  171968.2535304162         2
  57322.7511768054         2
  19107.583725601802         2
  6369.1945752006         2
  2123.0648584002         2
  707.6882861334001         3
  235.89609537780004         3
  78.63203179260002         3
  26.210677264200005         3
  8.736892421400002         3
  2.9122974738000007         5
  0.9707658246000003         6
  0.32358860820000007         5
  0.10786286940000002         2
  0.035954289800000004         2
