6
   37    0    0
5.69309350E+07
1.51546854E+07
5.18342033E+06
1.97092998E+06
8.22808714E+05
3.64657376E+05
1.70641589E+05
8.31660108E+04
4.20596690E+04
2.19482243E+04
1.18075380E+04
6.53061035E+03
3.69737579E+03
2.14180586E+03
1.28085608E+03
7.92725683E+02
4.95280757E+02
3.12876031E+02
2.01306573E+02
1.29650470E+02
7.86006340E+01
5.12623429E+01
3.31972531E+01
2.21315020E+01
1.29181622E+01
7.77829475E+00
5.15592435E+00
2.96954077E+00
1.80454297E+00
1.08720206E+00
6.46671183E-01
3.70305112E-01
1.99483091E-01
1.18653384E-01
6.22890740E-02
3.30478128E-02
1.71036383E-02
   34    0    0
7.86969671E+07
2.99568757E+07
1.15009049E+07
4.60219269E+06
1.90605482E+06
8.13916541E+05
3.56929057E+05
1.60358193E+05
7.37361754E+04
3.47026714E+04
1.67266935E+04
8.26854602E+03
4.19815032E+03
2.19054344E+03
1.17368071E+03
6.44199997E+02
3.61449946E+02
2.06379042E+02
1.19392094E+02
7.03247182E+01
4.18147410E+01
2.47333488E+01
1.45221316E+01
8.58057373E+00
4.98685430E+00
2.84448595E+00
1.59811091E+00
8.63727079E-01
4.56325299E-01
2.38134763E-01
1.17127878E-01
5.66154123E-02
2.69370485E-02
1.27833450E-02
   24    0    0
5.39084765E+05
1.24643234E+05
3.89092751E+04
1.44016596E+04
6.01059045E+03
2.74621051E+03
1.34638191E+03
6.96943953E+02
3.75869595E+02
2.09455455E+02
1.19347525E+02
6.92557004E+01
4.05346395E+01
2.37000057E+01
1.38549385E+01
8.10036044E+00
4.69119126E+00
2.65630235E+00
1.46914130E+00
7.80141758E-01
3.74778517E-01
1.72565700E-01
7.62397350E-02
3.20357017E-02
   15    0    0
2.09518638E+03
6.99964276E+02
2.95884254E+02
1.41288428E+02
7.18901608E+01
3.81618903E+01
2.05731583E+01
1.11312551E+01
5.93979837E+00
3.05811187E+00
1.51802346E+00
7.18107094E-01
3.17605801E-01
1.24027074E-01
5.80723800E-02
    6    0    0
4.19146460E+00
1.58844770E+00
8.75163310E-01
5.78202380E-01
1.58184240E-01
1.03974000E-01
    5    0    0
4.09599270E+00
2.80839100E+00
9.61274650E-01
1.96891210E-01
1.29416000E-01
    2    0    0
2.15839600E+00
3.81529030E-01



** Available from the Dirac web site, http://dirac.chem.sdu.dk **