4
   26    0    0
5.61716382E+07
1.47379028E+07
4.88829883E+06
1.76781892E+06
6.83865117E+05
2.75372747E+05
1.14923799E+05
4.93961117E+04
2.18254760E+04
9.88937467E+03
4.58819422E+03
2.17645897E+03
1.05326471E+03
5.06987328E+02
2.56829268E+02
1.33286329E+02
6.60485501E+01
3.51701089E+01
1.66469232E+01
8.99043055E+00
3.77658292E+00
2.01178364E+00
7.01146437E-01
3.26556246E-01
6.98864981E-02
2.81768210E-02
   23    0    0
2.72927936E+07
5.82128029E+06
1.47431841E+06
4.18094692E+05
1.29498933E+05
4.32598409E+04
1.55179587E+04
5.97435304E+03
2.46299591E+03
1.07982595E+03
4.97821020E+02
2.38776323E+02
1.17391847E+02
5.99145663E+01
3.09648358E+01
1.55625094E+01
8.03219667E+00
3.75057379E+00
1.80906604E+00
6.86171397E-01
2.82391165E-01
6.89741831E-02
2.45917496E-02
   17    0    0
3.48242952E+04
8.45297576E+03
2.84511015E+03
1.14302663E+03
5.12504350E+02
2.47209359E+02
1.25093571E+02
6.54192198E+01
3.46598440E+01
1.82043157E+01
9.58854072E+00
4.92977642E+00
2.47838278E+00
1.17892676E+00
4.78242066E-01
1.76243170E-01
5.79859022E-02
   12    0    0
6.64344766E+02
2.24363155E+02
9.40486374E+01
4.32746977E+01
2.06862514E+01
9.94459711E+00
4.65065372E+00
1.97810814E+00
7.76148872E-01
2.62478979E-01
1.05800991E-01
6.95426610E-02
    2    0    0
1.65956470E+00
2.93353090E-01



** Available from the Dirac web site, http://dirac.chem.sdu.dk **