5
   33    0    0
5.69383908E+07
1.51562553E+07
5.18335988E+06
1.97036247E+06
8.22136303E+05
3.64036603E+05
1.70100898E+05
8.27043755E+04
4.16179720E+04
2.14893796E+04
1.13304283E+04
6.07308703E+03
3.30245315E+03
1.81904931E+03
1.01348291E+03
5.69224748E+02
3.25453153E+02
1.88318207E+02
1.10072867E+02
6.52450475E+01
3.90789029E+01
2.33279975E+01
1.37139408E+01
8.28683608E+00
5.09734651E+00
2.90186274E+00
1.66575907E+00
9.05566640E-01
4.89393645E-01
2.55048435E-01
9.27182879E-02
4.45041921E-02
2.08797655E-02
   29    0    0
5.37147562E+07
1.59385592E+07
5.09112620E+06
1.74123466E+06
6.28630940E+05
2.37671520E+05
9.36477246E+04
3.83767950E+04
1.63591659E+04
7.26399617E+03
3.36196322E+03
1.61954180E+03
8.08539610E+02
4.16185866E+02
2.20330755E+02
1.19311156E+02
6.61847209E+01
3.71468544E+01
2.06571438E+01
1.15931006E+01
6.46362882E+00
3.52913981E+00
1.88964838E+00
9.52318223E-01
4.71859998E-01
2.25942685E-01
8.78075302E-02
3.83449182E-02
1.61512249E-02
   20    0    0
1.15327168E+05
2.71198333E+04
8.77301775E+03
3.39648941E+03
1.48391465E+03
7.05697773E+02
3.56246955E+02
1.88068816E+02
1.02214225E+02
5.68655511E+01
3.18213836E+01
1.76123830E+01
9.80141761E+00
5.39097196E+00
2.88859533E+00
1.50435892E+00
7.41990510E-01
3.09842134E-01
1.21914935E-01
4.46053997E-02
   13    0    0
1.18697991E+03
3.99825859E+02
1.69453748E+02
7.97975621E+01
3.98810849E+01
2.03973240E+01
1.04799110E+01
5.28157761E+00
2.49866211E+00
1.12563737E+00
4.70940611E-01
1.71948308E-01
6.95426610E-02
    4    0    0
2.86395690E+00
9.02525150E-01
1.73523460E-01
1.14056420E-01
    2    0    0
1.77993490E+00
3.14630320E-01



** Available from the Dirac web site, http://dirac.chem.sdu.dk **