4
   30    0    0
6.27257269E+07
1.66927915E+07
5.71679959E+06
2.17813966E+06
9.07191080E+05
3.98939869E+05
1.83478815E+05
8.70361249E+04
4.23711398E+04
2.10760757E+04
1.06894071E+04
5.51580509E+03
2.89152476E+03
1.53796302E+03
8.28856331E+02
4.52005327E+02
2.46990980E+02
1.37506195E+02
7.70496599E+01
4.21605555E+01
2.43826749E+01
1.38210059E+01
7.41986285E+00
4.04009529E+00
1.97882878E+00
1.05700550E+00
5.21154994E-01
1.77568447E-01
7.91576003E-02
3.44900771E-02
   24    0    0
2.39734780E+07
4.74559720E+06
1.15631962E+06
3.22010891E+05
9.94253296E+04
3.35270374E+04
1.22763581E+04
4.86268125E+03
2.06911502E+03
9.36222180E+02
4.45052337E+02
2.19927405E+02
1.12165441E+02
5.82394657E+01
3.11914998E+01
1.67328653E+01
8.73361436E+00
4.51294839E+00
2.18307259E+00
1.06553469E+00
4.88568590E-01
1.72513914E-01
6.77999023E-02
2.59125352E-02
   15    0    0
1.22945038E+04
3.15283727E+03
1.11550040E+03
4.65242515E+02
2.13684795E+02
1.04579982E+02
5.30670407E+01
2.76026356E+01
1.42818138E+01
7.22394460E+00
3.56592290E+00
1.62200984E+00
7.09505431E-01
2.87447219E-01
1.04746313E-01
   11    0    0
6.49326891E+02
2.21493483E+02
9.42927397E+01
4.42803266E+01
2.19601762E+01
1.11016202E+01
5.55197385E+00
2.67846358E+00
1.17912467E+00
3.81290373E-01
1.23296840E-01
    2    0    0
8.03113771E-01
2.59700730E-01



** Available from the Dirac web site, http://dirac.chem.sdu.dk **