5
   34    0    0
6.27221999E+07
1.66918880E+07
5.72028139E+06
2.18342021E+06
9.12792117E+05
4.03641184E+05
1.87019000E+05
8.94551068E+04
4.38721066E+04
2.19182328E+04
1.11269124E+04
5.73701674E+03
3.01018953E+03
1.61221528E+03
8.84025233E+02
4.97706971E+02
2.93011588E+02
1.80415734E+02
1.15357738E+02
7.43265447E+01
4.81778922E+01
3.03255045E+01
1.86035003E+01
1.09877735E+01
6.56572971E+00
3.89953178E+00
2.44984519E+00
1.30878036E+00
7.40867357E-01
4.17178130E-01
2.15456465E-01
1.08932993E-01
5.46445718E-02
2.70881936E-02
   30    0    0
5.47024335E+07
1.55228728E+07
4.82071374E+06
1.61938280E+06
5.78839793E+05
2.18115205E+05
8.61533413E+04
3.55822037E+04
1.53629973E+04
6.93716264E+03
3.27286781E+03
1.60842588E+03
8.19755048E+02
4.30712374E+02
2.32132520E+02
1.27531059E+02
7.09979172E+01
4.02761184E+01
2.32410972E+01
1.33734912E+01
7.53268971E+00
4.24122122E+00
2.33040187E+00
1.26404455E+00
6.73081100E-01
3.50163385E-01
1.62500690E-01
7.71098627E-02
3.65801683E-02
1.72360098E-02
   19    0    0
6.10242833E+04
1.46926789E+04
4.90513356E+03
1.95790443E+03
8.77879164E+02
4.26431108E+02
2.18872062E+02
1.17055316E+02
6.42192924E+01
3.59379388E+01
2.02250844E+01
1.12610713E+01
6.18544867E+00
3.33714042E+00
1.73046948E+00
8.63411397E-01
4.12974288E-01
1.87542667E-01
7.92561923E-02
   13    0    0
1.35104342E+03
4.58767055E+02
1.95701547E+02
9.39517199E+01
4.79708637E+01
2.54080586E+01
1.36539352E+01
7.22901991E+00
3.68872492E+00
1.74958291E+00
7.29919873E-01
2.84174741E-01
1.10635820E-01
    4    0    0
2.28520820E+00
1.40679822E+00
4.98556465E-01
1.76683870E-01
    2    0    0
1.06674087E+00
3.78043260E-01



** Available from the Dirac web site, http://dirac.chem.sdu.dk **