3
   24    0    0
5.84125258E+07
1.44503814E+07
4.42839448E+06
1.47483755E+06
5.26379383E+05
1.97863824E+05
7.79516346E+04
3.20067941E+04
1.36467232E+04
6.02031757E+03
2.73946740E+03
1.28213126E+03
6.13960173E+02
2.86093142E+02
1.43663912E+02
7.37357275E+01
3.58020956E+01
1.87262460E+01
8.38274099E+00
4.18205804E+00
1.39266806E+00
6.32460823E-01
1.31531302E-01
4.80245999E-02
   19    0    0
5.63097397E+06
8.49564321E+05
1.76435825E+05
4.45053728E+04
1.31139044E+04
4.42347769E+03
1.67147514E+03
6.90685097E+02
3.04668433E+02
1.40769039E+02
6.61104476E+01
3.26176937E+01
1.61640026E+01
7.77606455E+00
3.71420645E+00
1.43272601E+00
5.73510191E-01
1.26131810E-01
3.91026232E-02
   12    0    0
3.94200435E+03
1.06942094E+03
3.90704888E+02
1.64280669E+02
7.47164194E+01
3.54714283E+01
1.69269087E+01
7.93709403E+00
3.59028324E+00
1.35907036E+00
5.01883704E-01
1.59699321E-01
    9    0    0
3.29395263E+02
1.11858306E+02
4.64688740E+01
2.10266663E+01
9.76801688E+00
4.46633266E+00
1.93549267E+00
7.32851638E-01
2.17768010E-01



** Available from the Dirac web site, http://dirac.chem.sdu.dk **