3
   23    0    0
5.84037754E+07
1.04741635E+07
2.48021737E+06
6.86570276E+05
2.14335233E+05
7.35442200E+04
2.72727398E+04
1.07892387E+04
4.50695885E+03
1.97163634E+03
8.97096621E+02
4.22025658E+02
2.04068671E+02
1.00200794E+02
4.72249319E+01
2.40440526E+01
1.21993854E+01
5.81855903E+00
2.85054141E+00
1.35308984E+00
4.22412844E-01
1.95986625E-01
8.35217158E-02
   16    0    0
1.25921678E+05
1.95770521E+04
4.83336399E+03
1.54573419E+03
5.79762466E+02
2.41444066E+02
1.08218676E+02
5.09372511E+01
2.48073813E+01
1.22761324E+01
5.88544562E+00
2.76954531E+00
1.27234366E+00
4.53033238E-01
1.76018660E-01
6.52968218E-02
   10    0    0
5.24946231E+02
1.54139147E+02
5.87896006E+01
2.51450329E+01
1.14965785E+01
5.37984525E+00
2.49289704E+00
1.12673049E+00
4.78844260E-01
1.73973970E-01
    1    0    0
3.79380230E-01



** Available from the Dirac web site, http://dirac.chem.sdu.dk **