4
   30    0    0
1.00115508E+08
2.58411384E+07
8.51118879E+06
3.13773139E+06
1.27769747E+06
5.57671019E+05
2.54374901E+05
1.18326795E+05
5.58488516E+04
2.68076037E+04
1.31031973E+04
6.52903974E+03
3.32155388E+03
1.72529899E+03
9.13798749E+02
4.92727302E+02
2.69728368E+02
1.49216984E+02
8.28794948E+01
4.53466741E+01
2.53952188E+01
1.43043651E+01
7.98826495E+00
4.33298452E+00
2.33589497E+00
1.23815991E+00
5.55919721E-01
2.88711802E-01
1.39917947E-01
6.56551668E-02
   21    0    0
2.34152350E+06
3.44580797E+05
7.43814585E+04
2.03056622E+04
6.64231339E+03
2.49574806E+03
1.03974177E+03
4.67768089E+02
2.23097254E+02
1.11341935E+02
5.73962472E+01
3.02860403E+01
1.62247284E+01
8.65461989E+00
4.53759510E+00
2.34664734E+00
1.18965094E+00
5.34791674E-01
2.45230350E-01
1.09406101E-01
4.73862323E-02
   13    0    0
1.60183683E+03
4.60418243E+02
1.74788637E+02
7.64659826E+01
3.62104908E+01
1.80125294E+01
9.25291461E+00
4.78630940E+00
2.45993056E+00
1.25268972E+00
6.30122308E-01
3.13727739E-01
1.31060278E-01
    2    0    0
5.95325010E-01
2.27299900E-01
    1    0    0
5.01828780E-01



** Available from the Dirac web site, http://dirac.chem.sdu.dk **