2
   15    0    0
3.12433336E+06
3.70089365E+05
7.09073834E+04
1.76195211E+04
5.19096180E+03
1.72695276E+03
6.29694027E+02
2.46916828E+02
1.01707962E+02
3.25284663E+01
1.38072306E+01
4.13706450E+00
1.73598747E+00
3.11494199E-01
1.16970807E-01
   11    0    0
6.60866375E+03
1.31073090E+03
3.86811211E+02
1.37819778E+02
5.45796177E+01
2.29356558E+01
9.69590458E+00
3.99224595E+00
1.57217638E+00
3.59097324E-01
1.05285744E-01
    7    0    0
1.63399733E+02
4.79699638E+01
1.74693862E+01
6.95636942E+00
2.76398160E+00
1.04220715E+00
3.02713194E-01



** Available from the Dirac web site, http://dirac.chem.sdu.dk **