19
  62723138.59556287      0
  13938475.243458414      0
  4646158.414486138         2
  1548719.4714953795         2
  516239.82383179315         2
  172079.94127726438         2
  57359.980425754795         2
  19119.9934752516         2
  6373.3311584172         3
  2124.4437194724         3
  708.1479064908         3
  236.0493021636         3
  78.6831007212         3
  26.2277002404         3
  8.7425667468         3
  2.9141889156         3
  0.9713963052      6
  0.3237987684         4
  0.1079329228         3