19
  62723138.59556287      0
  13938475.243458414      0
  4646158.414486138         1
  1548719.4714953795         1
  516239.82383179315         1
  172079.94127726438         1
  57359.980425754795         1
  19119.9934752516         1
  6373.3311584172         2
  2124.4437194724         2
  708.1479064908         2
  236.0493021636         2
  78.6831007212         2
  26.2277002404         2
  8.7425667468         2
  2.9141889156         2
  0.9713963052      6
  0.3237987684         3
  0.1079329228         2