5
31 0 0
     5.2482995E+07
     1.3948449E+07
     4.7368434E+06
     1.7756396E+06
     7.2853487E+05
     3.1589260E+05
     1.4429707E+05
     6.8429291E+04
     3.3589032E+04
     1.6928448E+04
     8.7322643E+03
     4.5883148E+03
     2.4518020E+03
     1.3307906E+03
     7.3631859E+02
     4.1457496E+02
     2.3698311E+02
     1.3704373E+02
     8.0316053E+01
     4.6958041E+01
     2.7860774E+01
     1.6513565E+01
     9.7841327E+00
     5.6339583E+00
     3.0075784E+00
     1.7088778E+00
     9.1700985E-01
     4.5445957E-01
     2.1712587E-01
     9.2026230E-02
     2.8575368E-02
30 0 0
     7.3532533E+07
     2.8094477E+07
     1.0810396E+07
     4.3102119E+06
     1.7697155E+06
     7.4506413E+05
     3.2054492E+05
     1.4066849E+05
     6.2907945E+04
     2.8675761E+04
     1.3342495E+04
     6.3521899E+03
     3.1018659E+03
     1.5547767E+03
     7.9954880E+02
     4.2069448E+02
     2.2560327E+02
     1.2349536E+02
     6.8168219E+01
     3.7468517E+01
     2.1133780E+01
     1.1644562E+01
     6.3350749E+00
     3.3572340E+00
     1.7377568E+00
     8.5323352E-01
     3.7146121E-01
     1.5448081E-01
     5.8759157E-02
     2.1135113E-02
21 0 0
     3.3763769E+05
     7.7232369E+04
     2.3953025E+04
     8.8334411E+03
     3.6811952E+03
     1.6801733E+03
     8.2033343E+02
     4.2187637E+02
     2.2510227E+02
     1.2361328E+02
     6.8814223E+01
     3.8308429E+01
     2.1700548E+01
     1.2224759E+01
     6.7199594E+00
     3.6341247E+00
     1.8714136E+00
     9.2721108E-01
     4.2617585E-01
     1.6043808E-01
     7.7770809E-02 
14 0 0
     3.0648994E+03
     1.0017672E+03
     4.1801691E+02
     1.9680588E+02
     9.9153607E+01
     5.1861042E+01
     2.7693886E+01
     1.4846177E+01
     7.8201124E+00
     4.0124294E+00
     1.9514403E+00
     8.1462371E-01
     3.8989109E-01
     2.2873603E-01
6 0 0
      2.431698092E+02
      8.1746628E+01  
      2.8974879E+01
      1.1160973E+01
      4.3980023E+00
      1.6001163E+00
2 0 0
      5.5378252E+01
      7.8851339E+00
