5
   30    0    0
6.86891583E+07
1.81736806E+07
6.14363446E+06
2.28957396E+06
9.20066310E+05
3.86878891E+05
1.69089315E+05
7.62323060E+04
3.53628127E+04
1.68347990E+04
8.21056730E+03
4.09528995E+03
2.08609417E+03
1.08376063E+03
5.72974338E+02
3.07266091E+02
1.65370002E+02
9.09163327E+01
5.02835416E+01
2.69829385E+01
1.53860574E+01
8.56888984E+00
4.55781366E+00
2.42334040E+00
1.11301118E+00
5.75657266E-01
2.79122136E-01
7.43607765E-02
3.74511512E-02
1.81186227E-02
   24    0    0
1.58861106E+07
2.76534743E+06
6.27039716E+05
1.67310211E+05
5.05934820E+04
1.70439523E+04
6.34032839E+03
2.57568373E+03
1.12626632E+03
5.22599036E+02
2.53711807E+02
1.27593649E+02
6.57824684E+01
3.43570640E+01
1.84764165E+01
9.89292290E+00
5.16441872E+00
2.64919272E+00
1.24739475E+00
5.93009385E-01
2.72296710E-01
9.99410137E-02
4.34597368E-02
1.77428264E-02
   16    0    0
1.19032526E+04
3.07727673E+03
1.09705042E+03
4.60911471E+02
2.13679182E+02
1.05573956E+02
5.43712332E+01
2.86893308E+01
1.53743978E+01
8.17212768E+00
4.23738583E+00
2.13644949E+00
1.00974268E+00
4.15841379E-01
1.60523722E-01
5.72382080E-02
   11    0    0
3.27537489E+02
1.11827756E+02
4.73488099E+01
2.18033302E+01
1.05831336E+01
5.18062175E+00
2.49158219E+00
1.14978354E+00
4.94731014E-01
1.88152810E-01
7.15570261E-02
    3    0    0
8.30901050E+00
2.37781690E+00
2.68006750E-01
    2    0    0
5.06930540E+00
5.71367840E-01



** Available from the Dirac web site, http://dirac.chem.sdu.dk **