4
   24    0    0
5.89674011E+07
1.35438026E+07
3.85294705E+06
1.20643787E+06
4.09462147E+05
1.48133330E+05
5.66964004E+04
2.27970336E+04
9.57825595E+03
4.18453707E+03
1.89278376E+03
8.83025182E+02
4.21764764E+02
1.93287830E+02
9.68489361E+01
4.93440491E+01
2.34646612E+01
1.21694404E+01
5.27579368E+00
2.57069988E+00
7.70453127E-01
3.38884860E-01
5.72675416E-02
2.36260508E-02
   19    0    0
2.33843599E+06
3.38259672E+05
7.01922337E+04
1.82214123E+04
5.65468332E+03
2.02389755E+03
8.07077253E+02
3.48388746E+02
1.59132312E+02
7.54873463E+01
3.60208126E+01
1.78766381E+01
8.61322898E+00
4.19346832E+00
1.98323141E+00
7.67668195E-01
3.02261707E-01
6.44707342E-02
2.34372708E-02
   13    0    0
3.93958832E+03
1.07517073E+03
3.95963309E+02
1.68255754E+02
7.77301241E+01
3.75226266E+01
1.86319918E+01
9.14676288E+00
4.38866030E+00
2.01375875E+00
7.85844028E-01
2.74298991E-01
8.49315458E-02
    8    0    0
1.22274557E+02
4.09809912E+01
1.62121967E+01
6.85836365E+00
2.85447810E+00
1.10809193E+00
3.69253717E-01
1.08638020E-01
    2    0    0
4.49742470E+00
5.06910440E-01



** Available from the Dirac web site, http://dirac.chem.sdu.dk **