6
   35    0    0
6.90517361E+07
1.83782720E+07
6.30356496E+06
2.40983433E+06
1.00811470E+06
4.45868180E+05
2.06407921E+05
9.86816119E+04
4.84763647E+04
2.43611218E+04
1.25007048E+04
6.54012394E+03
3.48563431E+03
1.89072961E+03
1.04279524E+03
5.83907145E+02
3.31294551E+02
1.89050169E+02
1.10425750E+02
6.53739040E+01
3.91851981E+01
2.46934552E+01
1.57577045E+01
9.92590670E+00
5.86466774E+00
3.57135184E+00
2.13096632E+00
1.21748538E+00
6.92460774E-01
3.92365368E-01
2.18978012E-01
1.15847338E-01
5.91066123E-02
3.03635995E-02
1.55383871E-02
   30    0    0
4.60304982E+07
1.13731035E+07
3.22104631E+06
1.00887796E+06
3.41824340E+05
1.23721392E+05
4.75223547E+04
1.93243952E+04
8.31217218E+03
3.77354529E+03
1.79920630E+03
8.95386443E+02
4.62011161E+02
2.45364832E+02
1.33447116E+02
7.36454988E+01
4.09935137E+01
2.33395730E+01
1.34665638E+01
7.75926508E+00
4.37996584E+00
2.45202522E+00
1.32665534E+00
7.05515140E-01
3.73464734E-01
1.96868678E-01
9.31637883E-02
4.67582851E-02
2.34780595E-02
1.17552688E-02
   19    0    0
3.68918925E+04
9.07518415E+03
3.10664326E+03
1.26726075E+03
5.78102022E+02
2.84567162E+02
1.47496398E+02
7.94518037E+01
4.37907357E+01
2.45665959E+01
1.38807775E+01
7.77870375E+00
4.28433732E+00
2.31434320E+00
1.19921016E+00
5.56975931E-01
2.47395592E-01
1.05523627E-01
4.24671803E-02
   13    0    0
5.98586582E+02
2.05983842E+02
8.79967030E+01
4.19499231E+01
2.10291182E+01
1.09440811E+01
5.73586018E+00
2.97329923E+00
1.50324867E+00
7.28580045E-01
3.32651337E-01
1.35974023E-01
5.55805216E-02
    5    0    0
1.28899850E+01
4.41968320E+00
1.46645000E+00
3.87717310E-01
1.38905860E-01
    4    0    0
8.60432820E+00
2.67913920E+00
3.01969180E-01
2.15891820E-01
    2    0    0
5.88157910E+00
6.62920230E-01



** Available from the Dirac web site, http://dirac.chem.sdu.dk **