4
   18    0    0
3.92989578E+06
5.07414309E+05
1.04991421E+05
2.78240051E+04
8.64295029E+03
3.00459236E+03
1.13715020E+03
4.60226924E+02
1.96701021E+02
8.79209496E+01
4.07524249E+01
1.94676696E+01
9.53016962E+00
4.69380633E+00
2.06704175E+00
9.45688519E-01
4.25166909E-01
1.86632476E-01
   10    0    0
7.19437728E+02
1.65337612E+02
5.27421047E+01
1.96900393E+01
8.07164123E+00
3.51998340E+00
1.57165089E+00
6.96432022E-01
3.01942633E-01
1.25472021E-01
    3    0    0
5.17582586E+00
1.79379981E+00
6.15447821E-01
    2    0    0
3.38825162E+00
1.12227610E+00
    1    0    0
2.35511778E+00



** Available from the Dirac web site, http://dirac.chem.sdu.dk **