3
   14    0    0
3.05576627E+05
4.24923032E+04
9.25137786E+03
2.54260776E+03
8.11301689E+02
2.87846079E+02
1.10594336E+02
4.51297401E+01
1.92801206E+01
8.51146147E+00
3.73474292E+00
1.51152861E+00
6.04849945E-01
2.36723371E-01
    8    0    0
2.49295846E+02
5.82791101E+01
1.84180600E+01
6.72731462E+00
2.66363529E+00
1.07244326E+00
4.21897646E-01
1.58072874E-01
    2    0    0
3.04464288E+00
8.66404926E-01
    1    0    0
1.88500537E+00



** Available from the Dirac web site, http://dirac.chem.sdu.dk **