20
  44838338.872503504      0
  9964075.30500078      0
  3321358.43500026         3
  1107119.47833342         3
  369039.82611113996         3
  123013.27537037998         3
  41004.425123459994         4
  13668.141707819997         4
  4556.047235939999         4
  1518.6824119799996         4
  506.2274706599999         5
  168.74249021999995         5
  56.24749673999998         5
  18.749165579999993         7
  6.2497218599999975         8
  2.0832406199999993         8
  0.6944135399999998         7
  0.23147117999999992         5
  0.07715705999999997         3
  0.025719019999999992         3
