20
  44838338.872503504      0
  9964075.30500078      0
  3321358.43500026         2
  1107119.47833342         2
  369039.82611113996         2
  123013.27537037998         2
  41004.425123459994         3
  13668.141707819997         3
  4556.047235939999         3
  1518.6824119799996         3
  506.2274706599999         4
  168.74249021999995         4
  56.24749673999998         4
  18.749165579999993         6
  6.2497218599999975         7
  2.0832406199999993         7
  0.6944135399999998         6
  0.23147117999999992         4
  0.07715705999999997         2
  0.025719019999999992         2
