20
  84933407.92100807      0
  18874090.649112903      0
  6291363.549704301         2
  2097121.183234767         3
  699040.394411589         3
  233013.464803863         3
  77671.154934621         3
  25890.384978207         3
  8630.128326069         3
  2876.709442023         4
  958.903147341         4
  319.634382447         4
  106.544794149         5
  35.514931383         5
  11.838310460999999         5
  3.946103487         6
  1.315367829         6
  0.43845594299999996         5
  0.146151981         3
  0.048717327         3
