31
  104619663.10676889      2
  26154915.776692223      2
  13077457.888346111         2
  6538728.944173056         2
  3269364.472086528         2
  1634682.236043264         2
  817341.118021632         2
  408670.559010816         2
  204335.279505408         2
  102167.639752704         2
  51083.819876352         2
  25541.909938176         2
  12770.954969088         2
  6385.477484544         4
  3192.738742272         4
  1596.369371136         4
  798.184685568         4
  399.092342784         4
  199.546171392         4
  99.773085696         4
  49.886542848         4
  24.943271424         4
  12.471635712         4
  6.235817856         4
  3.117908928         4
  1.558954464         4
  0.779477232         4
  0.389738616         4
  0.194869308         4
  0.097434654         2
  0.048717327         2
