20
  64266375.54053402      0
  14281416.786785336      0
  4760472.262261779         3
  1586824.087420593         3
  528941.362473531         3
  176313.787491177         3
  58771.262497059004         3
  19590.420832353         4
  6530.140277451         4
  2176.713425817         4
  725.571141939         4
  241.85704731299998         5
  80.619015771         5
  26.873005257         5
  8.957668418999999         7
  2.985889473         7
  0.995296491         6
  0.33176549699999996         5
  0.11058849899999999         3
  0.036862833         3
