20
  84933407.92100807      2
  18874090.649112903      2
  6291363.549704301         2
  2097121.183234767         2
  699040.394411589         2
  233013.464803863         2
  77671.154934621         2
  25890.384978207         2
  8630.128326069         2
  2876.709442023         4
  958.903147341         4
  319.634382447         4
  106.544794149         4
  35.514931383         4
  11.838310460999999         4
  3.946103487         4
  1.315367829         4
  0.43845594299999996         4
  0.146151981         2
  0.048717327         2
