4
   30    0    0
6.47387190E+07
1.72158300E+07
5.88759957E+06
2.23692904E+06
9.25793831E+05
4.03155111E+05
1.83018986E+05
8.56085251E+04
4.11052469E+04
2.01870177E+04
1.01220109E+04
5.17157224E+03
2.68786995E+03
1.41891787E+03
7.59590969E+02
4.11484202E+02
2.22485262E+02
1.22723073E+02
6.80317008E+01
3.66243221E+01
2.09940142E+01
1.17604417E+01
6.26099040E+00
3.33692332E+00
1.55564497E+00
8.19965847E-01
3.98603844E-01
1.23617130E-01
5.89567436E-02
2.67729126E-02
   24    0    0
2.07433271E+07
3.89981095E+06
9.22089317E+05
2.51961389E+05
7.69676642E+04
2.58693776E+04
9.50562232E+03
3.79542451E+03
1.63048935E+03
7.44580981E+02
3.56724576E+02
1.77453292E+02
9.08782228E+01
4.72919814E+01
2.53705409E+01
1.35825489E+01
7.08017987E+00
3.62483170E+00
1.71640682E+00
8.21486362E-01
3.75706116E-01
1.37243308E-01
5.63671743E-02
2.21488058E-02
   15    0    0
9.72524233E+03
2.52891276E+03
9.04082521E+02
3.79652460E+02
1.75071735E+02
8.58216251E+01
4.35209497E+01
2.25729362E+01
1.15980782E+01
5.80172020E+00
2.79991459E+00
1.22507431E+00
4.91171836E-01
1.81605533E-01
6.10065659E-02
   11    0    0
4.14435448E+02
1.41220015E+02
5.97547640E+01
2.75700059E+01
1.33686492E+01
6.49941524E+00
3.08799631E+00
1.39458851E+00
5.72547744E-01
1.70220258E-01
5.06070230E-02
    2    0    0
2.98476058E-01
8.87378800E-02



** Available from the Dirac web site, http://dirac.chem.sdu.dk **