5
   34    0    0
6.47809345E+07
1.72387455E+07
5.90491011E+06
2.25008893E+06
9.36173721E+05
4.10749588E+05
1.88326839E+05
8.91518258E+04
4.33765821E+04
2.15894817E+04
1.09739637E+04
5.69128016E+03
3.01085242E+03
1.62508910E+03
8.95394994E+02
5.03983348E+02
2.90355038E+02
1.76319954E+02
1.12705251E+02
7.18883517E+01
4.39231468E+01
2.72421836E+01
1.65056631E+01
9.79694344E+00
5.69264784E+00
3.27580439E+00
1.78898180E+00
1.01760706E+00
5.67979390E-01
3.11903444E-01
1.59324148E-01
8.07156157E-02
4.10779184E-02
2.08357474E-02
   30    0    0
5.19230290E+07
1.40403882E+07
4.21351654E+06
1.37737586E+06
4.81947646E+05
1.78593200E+05
6.96407595E+04
2.85210241E+04
1.22687891E+04
5.54127387E+03
2.62120707E+03
1.29276419E+03
6.61143479E+02
3.48338321E+02
1.88145714E+02
1.03397689E+02
5.74666123E+01
3.26124974E+01
1.87750408E+01
1.07620094E+01
6.04306766E+00
3.36610190E+00
1.81112325E+00
9.67234667E-01
5.13140394E-01
2.69983288E-01
1.28013256E-01
6.24296454E-02
3.02888266E-02
1.46073835E-02
   19    0    0
4.79329752E+04
1.16328145E+04
3.92472058E+03
1.58204057E+03
7.14975718E+02
3.49239894E+02
1.79913097E+02
9.64155853E+01
5.29088237E+01
2.95881231E+01
1.66084828E+01
9.19428978E+00
5.00225446E+00
2.65284811E+00
1.33960174E+00
6.29085454E-01
2.81969971E-01
1.20542597E-01
4.83547295E-02
   13    0    0
9.86053493E+02
3.37090970E+02
1.43925960E+02
6.90049941E+01
3.49717598E+01
1.83671102E+01
9.71187019E+00
5.01334924E+00
2.45394274E+00
1.08768445E+00
4.07579089E-01
1.49703590E-01
5.49860520E-02
    4    0    0
1.44370940E+00
8.28700547E-01
2.60992645E-01
8.21975600E-02
    2    0    0
6.28482405E-01
1.97935540E-01



** Available from the Dirac web site, http://dirac.chem.sdu.dk **