3
   24    0    0
5.87243620E+07
1.41747200E+07
4.23014121E+06
1.37667402E+06
4.81866404E+05
1.78398974E+05
6.94599764E+04
2.82709032E+04
1.19770887E+04
5.26033100E+03
2.38671918E+03
1.11515966E+03
5.33408344E+02
2.46789234E+02
1.23689284E+02
6.32869178E+01
3.06199999E+01
1.59522134E+01
7.05539380E+00
3.44481225E+00
1.06982592E+00
4.76938206E-01
9.15394996E-02
3.58677096E-02
   19    0    0
4.04973289E+06
5.97166590E+05
1.23354351E+05
3.13115701E+04
9.37840415E+03
3.23196460E+03
1.24680285E+03
5.24178262E+02
2.34433429E+02
1.09434670E+02
5.15964591E+01
2.54996328E+01
1.24423228E+01
6.03368783E+00
2.85383465E+00
1.08167322E+00
4.26117130E-01
9.41138698E-02
3.14783426E-02
   12    0    0
3.23277679E+03
8.87119865E+02
3.26122724E+02
1.37529808E+02
6.25369758E+01
2.96118835E+01
1.40215822E+01
6.50211299E+00
2.85832931E+00
1.01462091E+00
3.36693168E-01
9.61593723E-02
    9    0    0
2.33440437E+02
7.91613381E+01
3.23907453E+01
1.43875053E+01
6.45958282E+00
2.80705282E+00
1.12799602E+00
3.85475487E-01
1.11953270E-01



** Available from the Dirac web site, http://dirac.chem.sdu.dk **