3
   24    0    0
5.90829691E+07
1.41470444E+07
4.18721744E+06
1.35323010E+06
4.70920485E+05
1.73558594E+05
6.73368970E+04
2.73331785E+04
1.15566925E+04
5.06843308E+03
2.29735204E+03
1.07271468E+03
5.12910665E+02
2.36747961E+02
1.18536387E+02
6.05803875E+01
2.93361596E+01
1.52697315E+01
6.73185531E+00
3.27206734E+00
9.96056799E-01
4.39944768E-01
7.95546641E-02
3.15189240E-02
   19    0    0
3.73654676E+06
5.48506906E+05
1.13247529E+05
2.88127183E+04
8.66973978E+03
3.00403790E+03
1.16466352E+03
4.91629492E+02
2.20594128E+02
1.03235989E+02
4.87207549E+01
2.40730485E+01
1.16889082E+01
5.66439126E+00
2.66781267E+00
1.00169614E+00
3.90116891E-01
8.45512386E-02
2.89815034E-02
   13    0    0
4.91779330E+03
1.32352927E+03
4.83152178E+02
2.04141147E+02
9.39847241E+01
4.53068965E+01
2.24763303E+01
1.09743984E+01
5.21637698E+00
2.34887302E+00
8.47472067E-01
2.78233672E-01
8.07718041E-02
    9    0    0
1.70012443E+02
5.72997174E+01
2.29587582E+01
9.86056222E+00
4.17796194E+00
1.66013780E+00
5.71462046E-01
1.30708647E-01
7.88094770E-02



** Available from the Dirac web site, http://dirac.chem.sdu.dk **