5
   35    0    0
6.58240610E+07
1.75274031E+07
6.01674725E+06
2.30410503E+06
9.68572979E+05
4.32074584E+05
2.02816657E+05
9.87299130E+04
4.95080292E+04
2.54106797E+04
1.33234759E+04
7.12384377E+03
3.87733611E+03
2.14384071E+03
1.20274329E+03
6.84344333E+02
3.94969405E+02
2.31636937E+02
1.38755593E+02
8.44554175E+01
5.22484320E+01
3.43645787E+01
2.20415795E+01
1.36476689E+01
7.93798738E+00
4.73244353E+00
2.76689840E+00
1.59019676E+00
8.85949012E-01
4.90505101E-01
2.62545571E-01
1.43590634E-01
7.22453400E-02
3.72379732E-02
1.90911864E-02
   30    0    0
5.03530670E+07
1.33179260E+07
3.94405088E+06
1.27715669E+06
4.43639021E+05
1.63510537E+05
6.35512016E+04
2.59839925E+04
1.11727675E+04
5.04936099E+03
2.39171512E+03
1.18176926E+03
6.05643244E+02
3.19732741E+02
1.73006946E+02
9.51565436E+01
5.29172110E+01
3.01282782E+01
1.74023426E+01
1.00408312E+01
5.67729657E+00
3.17890554E+00
1.71948078E+00
9.15400541E-01
4.82832696E-01
2.51856845E-01
1.17813906E-01
5.78490000E-02
2.83242422E-02
1.38007911E-02
   19    0    0
4.59464491E+04
1.11842850E+04
3.78360075E+03
1.52801631E+03
6.91594315E+02
3.38284380E+02
1.74492341E+02
9.36219318E+01
5.14265838E+01
2.87788329E+01
1.61691400E+01
8.96465853E+00
4.88322780E+00
2.59392709E+00
1.31155833E+00
5.88639155E-01
2.50729124E-01
1.02442299E-01
3.95289346E-02
   14    0    0
8.59088469E+02
2.94223289E+02
1.25623137E+02
6.01328014E+01
3.03853914E+01
1.59487315E+01
8.45609087E+00
4.43879578E+00
2.27757975E+00
1.12391550E+00
5.23617060E-01
2.18078013E-01
9.08259551E-02
5.57755720E-02
    4    0    0
1.41297140E+00
3.42997060E-01
1.29027310E-01
6.89164900E-02
    2    0    0
2.41329870E-01
1.28899900E-01



** Available from the Dirac web site, http://dirac.chem.sdu.dk **