4
   30    0    0
6.55650136E+07
1.73886198E+07
5.91344574E+06
2.22576249E+06
9.07029677E+05
3.86949937E+05
1.71467229E+05
7.82306330E+04
3.66646836E+04
1.76203109E+04
8.67372388E+03
4.36410892E+03
2.23988397E+03
1.17055788E+03
6.21125251E+02
3.32905246E+02
1.82211001E+02
1.01367444E+02
5.70071423E+01
3.16227297E+01
1.81518771E+01
1.02069341E+01
5.52522888E+00
2.97292486E+00
1.41410988E+00
7.31338676E-01
3.58240825E-01
1.06367984E-01
5.13097208E-02
2.37468016E-02
   24    0    0
2.00217284E+07
3.71395519E+06
8.71428441E+05
2.36993928E+05
7.22107654E+04
2.42561587E+04
8.92272369E+03
3.57025238E+03
1.53743557E+03
7.03667220E+02
3.37754623E+02
1.68277943E+02
8.62526131E+01
4.48977580E+01
2.40850578E+01
1.28804944E+01
6.70694491E+00
3.42387532E+00
1.60876305E+00
7.63265082E-01
3.47737464E-01
1.28596525E-01
5.32221771E-02
2.09728806E-02
   16    0    0
1.45678916E+04
3.71680598E+03
1.31108653E+03
5.46520373E+02
2.51799705E+02
1.23839876E+02
6.34960809E+01
3.34160347E+01
1.78028212E+01
9.36661700E+00
4.79861695E+00
2.36375307E+00
1.05381519E+00
4.19411279E-01
1.55293490E-01
5.30484201E-02
   12    0    0
4.63086247E+02
1.58108768E+02
6.71814617E+01
3.12424298E+01
1.53215848E+01
7.60448133E+00
3.71339875E+00
1.74636679E+00
7.69174849E-01
3.00483695E-01
1.17386119E-01
4.58577330E-02
    2    0    0
1.98590290E-01
7.75807270E-02



** Available from the Dirac web site, http://dirac.chem.sdu.dk **