3
   33    0    0
5.80565570E+07
1.54524704E+07
5.28705247E+06
2.01159919E+06
8.39348648E+05
3.71281160E+05
1.72944470E+05
8.36497948E+04
4.17673584E+04
2.13502834E+04
1.11189842E+04
5.88090825E+03
3.15917077E+03
1.72294310E+03
9.51443107E+02
5.29721346E+02
3.00187725E+02
1.72510500E+02
1.00277953E+02
5.86476426E+01
3.51299858E+01
2.09488964E+01
1.19638314E+01
7.11440168E+00
4.21057962E+00
2.34582823E+00
1.31510348E+00
6.77422309E-01
3.61549960E-01
1.86223187E-01
6.47483700E-02
3.23951224E-02
1.56556662E-02
   29    0    0
5.00564657E+07
1.41078956E+07
4.35017805E+06
1.44751581E+06
5.11458884E+05
1.90182872E+05
7.40364943E+04
3.01125681E+04
1.28002327E+04
5.69223184E+03
2.64671585E+03
1.28291666E+03
6.44582958E+02
3.33762712E+02
1.76771530E+02
9.48098978E+01
5.19333028E+01
2.85329696E+01
1.53238118E+01
8.31968300E+00
4.38897906E+00
2.30318048E+00
1.17321581E+00
6.01525933E-01
2.97087111E-01
1.47749661E-01
6.00679983E-02
2.77053641E-02
1.24964369E-02
   19    0    0
5.73211611E+04
1.37211900E+04
4.54949200E+03
1.80458301E+03
8.04257989E+02
3.87334073E+02
1.97153465E+02
1.04071526E+02
5.64127047E+01
3.08907736E+01
1.67890972E+01
9.11756466E+00
4.89199077E+00
2.55374053E+00
1.30158105E+00
6.38505218E-01
2.92330385E-01
1.09463920E-01
7.56605274E-02
   13    0    0
1.38629006E+03
4.67836732E+02
1.98496918E+02
9.44903607E+01
4.76903467E+01
2.49302970E+01
1.30959204E+01
6.79505201E+00
3.35161155E+00
1.38210100E+00
5.68426794E-01
2.12848990E-01
9.75932963E-02



** Available from the Dirac web site, http://dirac.chem.sdu.dk **