3
   27    0    0
5.67637283E+07
1.47473626E+07
4.81458493E+06
1.70814693E+06
6.46988075E+05
2.55558345E+05
1.04868766E+05
4.44572527E+04
1.94280377E+04
8.72914089E+03
4.02452913E+03
1.90036868E+03
9.16102724E+02
4.37236561E+02
2.20994006E+02
1.14300942E+02
5.60735235E+01
2.97245603E+01
1.38736287E+01
7.35650255E+00
2.95126588E+00
1.54167596E+00
5.01211866E-01
2.33055832E-01
8.44820730E-02
4.84469094E-02
2.04973308E-02
   24    0    0
2.35291535E+07
4.72784723E+06
1.15414820E+06
3.19411807E+05
9.74623317E+04
3.23449668E+04
1.16213192E+04
4.51126394E+03
1.88174375E+03
8.35008097E+02
3.89178526E+02
1.88234555E+02
9.20490997E+01
4.67705333E+01
2.37185370E+01
1.18258839E+01
5.96621348E+00
2.71455800E+00
1.26297704E+00
4.87116998E-01
2.00470111E-01
7.26698430E-02
4.89898944E-02
1.89168347E-02
   15    0    0
1.68317969E+04
4.22106331E+03
1.46531752E+03
6.01921002E+02
2.73236053E+02
1.32378229E+02
6.67065795E+01
3.43712613E+01
1.75771370E+01
8.93708340E+00
4.44169368E+00
2.14602412E+00
9.83370577E-01
3.98910725E-01
9.48466962E-02
    8    0    0
6.74557142E+02
2.28282828E+02
9.63247773E+01
4.45934069E+01
2.16335598E+01
1.05563161E+01
5.03560248E+00
2.21537389E+00



** Available from the Dirac web site, http://dirac.chem.sdu.dk **