4
   37    0    0
5.80637454E+07
1.54565391E+07
5.29025534E+06
2.01398728E+06
8.41000586E+05
3.72227002E+05
1.73398013E+05
8.38432731E+04
4.18930089E+04
2.15030901E+04
1.13167503E+04
6.10126100E+03
3.38022357E+03
1.93752549E+03
1.16223063E+03
7.40413801E+02
4.89271964E+02
3.09255096E+02
1.90334119E+02
1.16206957E+02
6.95240013E+01
4.40167821E+01
2.78644802E+01
1.78880794E+01
1.12166955E+01
6.92917128E+00
4.12676255E+00
2.41587287E+00
1.41536909E+00
8.45176626E-01
4.75433310E-01
2.68840517E-01
1.44084048E-01
8.84189642E-02
4.48703242E-02
2.42385115E-02
1.29575073E-02
   34    0    0
7.31827787E+07
2.60897690E+07
9.52973280E+06
3.66006441E+06
1.46357061E+06
6.06134752E+05
2.59031281E+05
1.13994974E+05
5.15889275E+04
2.40030618E+04
1.14898220E+04
5.66416364E+03
2.87641684E+03
1.50369857E+03
8.07490645E+02
4.44133487E+02
2.49507777E+02
1.42139656E+02
8.16491585E+01
4.78111968E+01
2.78911707E+01
1.59908919E+01
9.27672688E+00
5.34249846E+00
3.04270430E+00
1.71987994E+00
9.54053376E-01
5.06049878E-01
2.67964283E-01
1.42812749E-01
7.24735719E-02
3.70583929E-02
1.91076485E-02
9.85825613E-03
   23    0    0
3.63637719E+05
8.44716749E+04
2.67602081E+04
1.00843141E+04
4.28453851E+03
1.98976819E+03
9.89671892E+02
5.18688564E+02
2.83004111E+02
1.59408391E+02
9.16976006E+01
5.36923361E+01
3.15999778E+01
1.84906374E+01
1.08273662E+01
6.32060758E+00
3.64577233E+00
2.05532075E+00
1.13212790E+00
6.08442864E-01
2.64445375E-01
9.84867005E-02
4.23362843E-02
   15    0    0
3.67450726E+03
1.20816203E+03
5.10267058E+02
2.43590380E+02
1.25894179E+02
6.80369927E+01
3.79815519E+01
2.15428241E+01
1.22496912E+01
6.92413494E+00
3.82010169E+00
1.99469002E+00
7.76106847E-01
3.71576329E-01
1.03726185E-01
    3    0    0
6.34349907E-01
3.08871430E-01
1.21315834E-01



** Available from the Dirac web site, http://dirac.chem.sdu.dk **