19
  45372481.118284896      0
  10082773.581841089      0
  3360924.527280363         2
  1120308.1757601209         2
  373436.05858670693         2
  124478.68619556898         2
  41492.895398523         3
  13830.965132840998         3
  4610.321710947         3
  1536.773903649         4
  512.257967883         4
  170.752655961         4
  56.917551986999996         4
  18.972517329         4
  6.324172442999999         4
  2.108057481         4
  0.7026858269999999         4
  0.23422860899999998         4
  0.078076203         2
