20
  46727716.8083399      0
  10383937.068519978      0
  3461312.356173326         3
  1153770.7853911086         4
  384590.2617970362         4
  128196.75393234541         4
  42732.2513107818         4
  14244.0837702606         4
  4748.0279234202         5
  1582.6759744734         5
  527.5586581578         5
  175.85288605259998         5
  58.61762868419999         5
  19.539209561399996         5
  6.5130698537999985         5
  2.1710232845999995         6
  0.7236744281999998         6
  0.24122480939999993         7
  0.08040826979999997         4
  0.02680275659999999         3
