20
  73563076.86314104      0
  16347350.414031344      0
  5449116.804677115         3
  1816372.268225705         3
  605457.4227419017         3
  201819.14091396725         4
  67273.04697132242         4
  22424.348990440805         4
  7474.782996813602         4
  2491.5943322712005         5
  830.5314440904002         5
  276.84381469680005         5
  92.28127156560002         5
  30.760423855200006         5
  10.253474618400002         5
  3.4178248728000007         5
  1.1392749576000003         5
  0.3797583192000001         6
  0.12658610640000004         5
  0.042195368800000015         3
