20
  46727716.8083399      0
  10383937.068519978      0
  3461312.356173326         2
  1153770.7853911086         3
  384590.2617970362         3
  128196.75393234541         3
  42732.2513107818         3
  14244.0837702606         3
  4748.0279234202         4
  1582.6759744734         4
  527.5586581578         4
  175.85288605259998         4
  58.61762868419999         4
  19.539209561399996         4
  6.5130698537999985         4
  2.1710232845999995         5
  0.7236744281999998         5
  0.24122480939999993         6
  0.08040826979999997         3
  0.02680275659999999         2
