30
  83833684.62021427      2
  20958421.155053567      2
  10479210.577526784         2
  5239605.288763392         2
  2619802.644381696         2
  1309901.322190848         2
  654950.661095424         2
  327475.330547712         2
  163737.665273856         2
  81868.832636928         2
  40934.416318464         4
  20467.208159232         4
  10233.604079616         4
  5116.802039808         4
  2558.401019904         4
  1279.200509952         4
  639.600254976         4
  319.800127488         4
  159.900063744         4
  79.950031872         4
  39.975015936         4
  19.987507968         4
  9.993753984         4
  4.996876992         4
  2.498438496         4
  1.249219248         4
  0.624609624         4
  0.312304812         4
  0.156152406         4
  0.078076203         2
