19
  45372481.118284896      0
  10082773.581841089      0
  3360924.527280363         3
  1120308.1757601209         3
  373436.05858670693         3
  124478.68619556898         3
  41492.895398523         4
  13830.965132840998         4
  4610.321710947         4
  1536.773903649         5
  512.257967883         5
  170.752655961         5
  56.917551986999996         5
  18.972517329         5
  6.324172442999999         5
  2.108057481         5
  0.7026858269999999         5
  0.23422860899999998         5
  0.078076203         3
