4
   24    0    0
5.89091894E+07
1.37295864E+07
3.95866148E+06
1.25262796E+06
4.28631707E+05
1.56001877E+05
5.99679460E+04
2.41846736E+04
1.01811734E+04
4.45317077E+03
2.01553854E+03
9.40562720E+02
4.49454559E+02
2.06425640E+02
1.03374825E+02
5.27231546E+01
2.52631358E+01
1.31179280E+01
5.71860144E+00
2.77852109E+00
8.29780447E-01
3.61497475E-01
5.98802033E-02
2.45183344E-02
   19    0    0
2.72351204E+06
3.95321330E+05
8.18121984E+04
2.10785559E+04
6.47224522E+03
2.29209364E+03
9.05858347E+02
3.88282279E+02
1.76369309E+02
8.33195482E+01
3.96017459E+01
1.96157277E+01
9.44712126E+00
4.58765983E+00
2.16084632E+00
8.25255959E-01
3.21323494E-01
6.77286419E-02
2.43586635E-02
   13    0    0
4.25447826E+03
1.15564324E+03
4.24359953E+02
1.79991515E+02
8.30636251E+01
4.00831033E+01
1.99012848E+01
9.75432110E+00
4.66664291E+00
2.12830362E+00
8.10801420E-01
2.78068619E-01
8.45369806E-02
    8    0    0
1.34239236E+02
4.50499582E+01
1.78762478E+01
7.57800663E+00
3.15570623E+00
1.22296058E+00
4.05312827E-01
1.15742788E-01
    2    0    0
5.09790340E+00
5.41687560E-01



** Available from the Dirac web site, http://dirac.chem.sdu.dk **