6
   35    0    0
6.77667669E+07
1.80417457E+07
6.19346871E+06
2.37114298E+06
9.94389960E+05
4.41111709E+05
2.04904478E+05
9.83106717E+04
4.84723288E+04
2.44471063E+04
1.25881040E+04
6.60589949E+03
3.52891871E+03
1.91678466E+03
1.05740307E+03
5.91761800E+02
3.35647914E+02
1.92348594E+02
1.12751772E+02
6.73148076E+01
4.13959016E+01
2.65232849E+01
1.70805648E+01
1.06737497E+01
6.33499109E+00
3.80623627E+00
2.25644549E+00
1.30620736E+00
7.33550842E-01
4.10950932E-01
2.25617160E-01
1.26872794E-01
6.23967928E-02
3.17633046E-02
1.61475504E-02
   30    0    0
4.74357640E+07
1.19970801E+07
3.44997447E+06
1.09275640E+06
3.73275443E+05
1.35876130E+05
5.23684928E+04
2.13201122E+04
9.16429435E+03
4.15266585E+03
1.97533734E+03
9.80667746E+02
5.04872569E+02
2.67597163E+02
1.45290707E+02
8.00877809E+01
4.45961037E+01
2.54562820E+01
1.47754008E+01
8.61048627E+00
4.92323268E+00
2.79859617E+00
1.54962570E+00
8.34878107E-01
4.42810394E-01
2.31993431E-01
1.08372878E-01
5.42933187E-02
2.65293734E-02
1.28595100E-02
   19    0    0
3.99763530E+04
9.79435069E+03
3.33811694E+03
1.35670492E+03
6.17156124E+02
3.03127544E+02
1.56867474E+02
8.43984450E+01
4.64723434E+01
2.60550882E+01
1.46981630E+01
8.21117254E+00
4.50888097E+00
2.42430074E+00
1.24798231E+00
5.72993772E-01
2.50994765E-01
1.05553998E-01
4.18919638E-02
   13    0    0
6.56026239E+02
2.25446002E+02
9.62906778E+01
4.59277552E+01
2.30565651E+01
1.20119357E+01
6.29864146E+00
3.26357266E+00
1.64745369E+00
7.96231747E-01
3.61921346E-01
1.47022707E-01
5.97247898E-02
    5    0    0
1.44860400E+01
4.98053420E+00
1.65040200E+00
3.55076070E-01
1.33409850E-01
    4    0    0
9.96413000E+00
3.16239010E+00
3.36025860E-01
2.25783920E-01
    2    0    0
6.64895580E+00
7.06497620E-01



** Available from the Dirac web site, http://dirac.chem.sdu.dk **