5
   30    0    0
6.74396933E+07
1.78651752E+07
6.05957833E+06
2.27095877E+06
9.20013318E+05
3.90372401E+05
1.72216018E+05
7.83395213E+04
3.66486247E+04
1.75827654E+04
8.63613754E+03
4.33468089E+03
2.21959805E+03
1.15761356E+03
6.13670344E+02
3.29762644E+02
1.77794449E+02
9.78469379E+01
5.41811228E+01
2.91709164E+01
1.66475434E+01
9.29109155E+00
4.93389301E+00
2.61609267E+00
1.18923617E+00
6.12828302E-01
2.95897060E-01
7.80558193E-02
3.90778792E-02
1.88053279E-02
   24    0    0
1.71810344E+07
3.05221815E+06
6.99504711E+05
1.87708973E+05
5.68679334E+04
1.91271086E+04
7.08551969E+03
2.86335903E+03
1.24566133E+03
5.75395445E+02
2.78304463E+02
1.39535888E+02
7.17994471E+01
3.74538935E+01
2.01214901E+01
1.07622003E+01
5.60946281E+00
2.86819997E+00
1.34358391E+00
6.35343919E-01
2.89974809E-01
1.07375624E-01
4.58094665E-02
1.84314165E-02
   16    0    0
1.27674310E+04
3.28568799E+03
1.16717379E+03
4.89087391E+02
2.26275908E+02
1.11630476E+02
5.74080644E+01
3.02686031E+01
1.61926828E+01
8.58033368E+00
4.43266209E+00
2.21847747E+00
1.03122173E+00
4.20400381E-01
1.60136149E-01
5.63301015E-02
   11    0    0
3.58698322E+02
1.22443766E+02
5.18745938E+01
2.39329713E+01
1.16340483E+01
5.69950804E+00
2.73981816E+00
1.26195033E+00
5.40880878E-01
2.04431090E-01
7.72666816E-02
    3    0    0
9.35927760E+00
2.68662830E+00
2.85472870E-01
    2    0    0
5.82653250E+00
6.19109440E-01



** Available from the Dirac web site, http://dirac.chem.sdu.dk **