25
  3080112.9927344127      2
  770028.2481836032      2
  385014.1240918016         2
  192507.0620459008         2
  96253.5310229504         2
  48126.7655114752         2
  24063.3827557376         2
  12031.6913778688         2
  6015.8456889344         2
  3007.9228444672         2
  1503.9614222336         2
  751.9807111168         2
  375.9903555584         2
  187.9951777792         2
  93.9975888896         4
  46.9987944448         4
  23.4993972224         4
  11.7496986112         4
  5.8748493056         4
  2.9374246528         4
  1.4687123264         4
  0.7343561632         4
  0.3671780816         2
  0.1835890408         2
  0.0917945204         2
