19
  33279175.426545292      0
  7395372.317010065      0
  2465124.1056700214         2
  821708.0352233405         2
  273902.6784077802         2
  91300.8928025934         3
  30433.6309341978         3
  10144.543644732601         3
  3381.5145482442003         3
  1127.1715160814001         3
  375.7238386938         4
  125.2412795646         4
  41.747093188200004         4
  13.915697729400001         4
  4.6385659098000005         6
  1.5461886366000002         5
  0.5153962122000001         4
  0.17179873740000004         3
  0.05726624580000001         3
