20
  82598714.96671952      0
  18355269.992604338      0
  6118423.330868113         2
  2039474.4436227044         2
  679824.8145409015         3
  226608.2715136338         3
  75536.0905045446         3
  25178.6968348482         3
  8392.8989449494         3
  2797.6329816498         3
  932.5443272166         4
  310.8481090722         4
  103.61603635739999         4
  34.538678785799995         4
  11.512892928599998         6
  3.8376309761999994         7
  1.2792103253999998         6
  0.42640344179999995         4
  0.14213448059999997         3
  0.04737816019999999         3
