20
  82598714.96671952      0
  18355269.992604338      0
  6118423.330868113         1
  2039474.4436227044         1
  679824.8145409015         2
  226608.2715136338         2
  75536.0905045446         2
  25178.6968348482         2
  8392.8989449494         2
  2797.6329816498         2
  932.5443272166         3
  310.8481090722         3
  103.61603635739999         3
  34.538678785799995         3
  11.512892928599998         5
  3.8376309761999994         6
  1.2792103253999998         5
  0.42640344179999995         3
  0.14213448059999997         2
  0.04737816019999999         2
