4
   30    0    0
9.80722628E+07
2.63969789E+07
9.30612463E+06
3.74159549E+06
1.67601811E+06
7.77127691E+05
3.60917773E+05
1.67521319E+05
7.84716204E+04
3.73282723E+04
1.81147914E+04
8.98468478E+03
4.55336554E+03
2.35434426E+03
1.23954892E+03
6.63242454E+02
3.60035699E+02
1.97765289E+02
1.09263619E+02
5.96935037E+01
3.34963478E+01
1.89573982E+01
1.06813258E+01
5.79511323E+00
3.19234244E+00
1.74262663E+00
8.68140330E-01
4.46194139E-01
2.19473481E-01
1.03764968E-01
   21    0    0
3.67939166E+06
5.44893307E+05
1.16639883E+05
3.12188221E+04
9.94980123E+03
3.64614471E+03
1.48758974E+03
6.58162901E+02
3.09679495E+02
1.52857063E+02
7.81568824E+01
4.09922546E+01
2.18965038E+01
1.17020768E+01
6.16536132E+00
3.23295894E+00
1.68109317E+00
8.13485216E-01
3.84708060E-01
1.75633980E-01
7.70292298E-02
   13    0    0
2.33030445E+03
6.60368013E+02
2.49060085E+02
1.08617705E+02
5.15265824E+01
2.57287980E+01
1.33084094E+01
6.96609746E+00
3.64680991E+00
1.90635777E+00
9.99546949E-01
5.42127221E-01
2.30943434E-01
    2    0    0
9.61765760E-01
4.18637850E-01
    1    0    0
7.51236770E-01



** Available from the Dirac web site, http://dirac.chem.sdu.dk **