3
   23    0    0
6.17991323E+07
1.17633306E+07
2.89878976E+06
8.23363353E+05
2.61516067E+05
9.07657147E+04
3.39150797E+04
1.34834584E+04
5.65094954E+03
2.47770238E+03
1.12920507E+03
5.31866563E+02
2.57438888E+02
1.26649609E+02
6.05799044E+01
3.09998310E+01
1.58358314E+01
7.75114559E+00
3.86196588E+00
1.89263435E+00
6.88241566E-01
3.19462923E-01
1.36130944E-01
   16    0    0
1.79252643E+05
2.73044757E+04
6.54946010E+03
2.04447512E+03
7.53632486E+02
3.09979671E+02
1.37692414E+02
6.44218662E+01
3.12578540E+01
1.54446498E+01
7.43056540E+00
3.55041350E+00
1.68783305E+00
6.86733279E-01
2.77532298E-01
1.05671028E-01
   10    0    0
7.61271060E+02
2.22127617E+02
8.46930426E+01
3.64474259E+01
1.68131637E+01
7.99833116E+00
3.80352489E+00
1.78113476E+00
7.84543548E-01
2.96354748E-01
    1    0    0
6.74331150E-01



** Available from the Dirac web site, http://dirac.chem.sdu.dk **