2
   15    0    0
4.14098736E+06
4.88473543E+05
9.26640299E+04
2.27776348E+04
6.64418072E+03
2.19109855E+03
7.92722388E+02
3.08512335E+02
1.26083423E+02
4.03665991E+01
1.72720374E+01
5.39736984E+00
2.37509131E+00
5.03394409E-01
1.92437314E-01
   11    0    0
9.01590791E+03
1.73131083E+03
5.02261944E+02
1.77201567E+02
6.98507883E+01
2.93416011E+01
1.25014174E+01
5.21990010E+00
2.15741984E+00
5.74981830E-01
1.74772323E-01
    7    0    0
2.25939509E+02
6.64569801E+01
2.44283436E+01
9.88093527E+00
4.03887103E+00
1.58810227E+00
4.65251237E-01



** Available from the Dirac web site, http://dirac.chem.sdu.dk **