20
  55443681.63653654      0
  12320818.141452564      0
  4106939.380484188         3
  1368979.7934947293         3
  456326.5978315764         3
  152108.8659438588         4
  50702.955314619605         4
  16900.9851048732         4
  5633.661701624401         4
  1877.8872338748004         5
  625.9624112916001         5
  208.65413709720005         5
  69.55137903240002         5
  23.183793010800006         5
  7.727931003600002         5
  2.5759770012000005      7
  0.8586590004000002         6
  0.28621966680000005         6
  0.09540655560000001         4
  0.031802185200000006         3