20
  84339249.7474029      2
  18742055.499422867      2
  6247351.833140955         2
  2082450.611046985         2
  694150.2036823283         2
  231383.40122744278         2
  77127.80040914759         2
  25709.266803049195         4
  8569.755601016399         4
  2856.5852003387995         4
  952.1950667795999         4
  317.39835559319994         4
  105.79945186439998         4
  35.266483954799995         4
  11.755494651599998         4
  3.9184982171999994         4
  1.3061660723999997         4
  0.4353886907999999         4
  0.14512956359999998         4
  0.048376521199999994         2
