21
  126028040.4273161      0
  28006231.206070244      0
  9335410.402023414         2
  3111803.467341138         2
  1037267.822447046         3
  345755.940815682         3
  115251.980271894         3
  38417.326757298004         3
  12805.775585766001         3
  4268.591861922         3
  1422.863953974         4
  474.28798465799997         4
  158.095994886         4
  52.698664962         4
  17.566221654         4
  5.855407218         6
  1.9518024059999999         7
  0.6506008019999999         7
  0.21686693399999998         6
  0.07228897799999999         3
  0.024096325999999998         2
