31
  103887788.22412534      2
  25971947.056031335      2
  12985973.528015668         2
  6492986.764007834         2
  3246493.382003917         2
  1623246.6910019584         2
  811623.3455009792         2
  405811.6727504896         2
  202905.8363752448         2
  101452.9181876224         2
  50726.4590938112         4
  25363.2295469056         4
  12681.6147734528         4
  6340.8073867264         4
  3170.4036933632         4
  1585.2018466816         4
  792.6009233408         4
  396.3004616704         4
  198.1502308352         4
  99.0751154176         4
  49.5375577088         4
  24.7687788544         4
  12.3843894272         4
  6.1921947136         4
  3.0960973568         4
  1.5480486784         4
  0.7740243392         4
  0.3870121696         4
  0.1935060848         4
  0.0967530424         2
  0.0483765212         2
