20
  84339249.7474029      0
  18742055.499422867      0
  6247351.833140955         3
  2082450.611046985         3
  694150.2036823283         3
  231383.40122744278         3
  77127.80040914759         3
  25709.266803049195         4
  8569.755601016399         4
  2856.5852003387995         4
  952.1950667795999         5
  317.39835559319994         5
  105.79945186439998         5
  35.266483954799995         5
  11.755494651599998         5
  3.9184982171999994         5
  1.3061660723999997         6
  0.4353886907999999         6
  0.14512956359999998         4
  0.048376521199999994         3
