21
  126028040.4273161      0
  28006231.206070244      0
  9335410.402023414         3
  3111803.467341138         3
  1037267.822447046         4
  345755.940815682         4
  115251.980271894         4
  38417.326757298004         4
  12805.775585766001         4
  4268.591861922         4
  1422.863953974         5
  474.28798465799997         5
  158.095994886         5
  52.698664962         5
  17.566221654         5
  5.855407218         7
  1.9518024059999999         8
  0.6506008019999999         8
  0.21686693399999998         7
  0.07228897799999999         4
  0.024096325999999998         3
