5
   36    0    0
5.44306651E+07
1.44803255E+07
4.93619198E+06
1.86438395E+06
7.72137771E+05
3.38851120E+05
1.56979902E+05
7.57570965E+04
3.80158923E+04
1.97348014E+04
1.06418075E+04
6.07535116E+03
3.91461294E+03
2.61932832E+03
1.59370347E+03
9.41298089E+02
5.59711467E+02
3.36983861E+02
2.05545789E+02
1.27666466E+02
8.06114934E+01
5.01770714E+01
3.01567875E+01
1.94431003E+01
1.24540150E+01
8.21107798E+00
5.15215962E+00
3.17914727E+00
1.88993439E+00
1.11859288E+00
6.43641290E-01
3.51855356E-01
1.97685459E-01
1.03733543E-01
5.44054872E-02
2.79881230E-02
   35    0    0
8.27620868E+07
3.39028684E+07
1.37968488E+07
5.79810798E+06
2.50290999E+06
1.10574052E+06
4.98641575E+05
2.29282247E+05
1.07366868E+05
5.11871372E+04
2.48664798E+04
1.23283977E+04
6.24699591E+03
3.23910466E+03
1.71936945E+03
9.33405454E+02
5.17547124E+02
2.91971029E+02
1.67176178E+02
9.77614838E+01
5.78615135E+01
3.43081630E+01
2.06268084E+01
1.24946157E+01
7.47321769E+00
4.39744629E+00
2.55098345E+00
1.44302711E+00
8.08080291E-01
4.45635704E-01
2.38722015E-01
1.21119972E-01
6.07334156E-02
3.03611956E-02
1.48540597E-02
   24    0    0
8.15409231E+05
1.87038318E+05
5.79029974E+04
2.11888521E+04
8.72153402E+03
3.92829105E+03
1.90053277E+03
9.72572898E+02
5.19884897E+02
2.87877740E+02
1.63400192E+02
9.46375914E+01
5.52504149E+01
3.22194042E+01
1.89594380E+01
1.11328146E+01
6.43180389E+00
3.63022484E+00
1.98436482E+00
1.02875500E+00
5.12331357E-01
2.43748428E-01
1.10514040E-01
4.71169071E-02
   16    0    0
4.28955831E+03
1.39563165E+03
5.82563777E+02
2.76305845E+02
1.41262994E+02
7.56651346E+01
4.16850124E+01
2.32514262E+01
1.30454962E+01
7.23776632E+00
3.88214729E+00
1.98934605E+00
9.47786994E-01
3.98435704E-01
1.62225990E-01
5.26543170E-02
    4    0    0
1.55396640E+00
7.76948440E-01
2.61174920E-01
8.47705550E-02
    2    0    0
4.87616010E-01
1.58267420E-01



** Available from the Dirac web site, http://dirac.chem.sdu.dk **