5
   33    0    0
    5.37015508E+07
    1.42862476E+07
    4.86971296E+06
    1.83902830E+06
    7.61193141E+05
    3.33581566E+05
    1.54060578E+05
    7.39351117E+04
    3.67221519E+04
    1.87233467E+04
    9.76219019E+03
    5.18531173E+03
    2.80473092E+03
    1.54650412E+03
    8.71339680E+02
    5.05200678E+02
    3.00985878E+02
    1.82754267E+02
    1.09697741E+02
    6.74317711E+01
    4.08892500E+01
    2.36653796E+01
    1.44602381E+01
    8.72908632E+00
    4.98996626E+00
    2.83102239E+00
    1.49786978E+00
    8.08993644E-01
    4.21912852E-01
    1.75867785E-01
    8.01715178E-02
    3.61857986E-02
    1.52052824E-02
   30    0    0
    6.10829795E+07
    2.03325099E+07
    7.04902863E+06
    2.57421454E+06
    9.79767014E+05
    3.86327182E+05
    1.57175754E+05
    6.58537775E+04
    2.84051334E+04
    1.26304767E+04
    5.80212072E+03
    2.75805666E+03
    1.35547342E+03
    6.86725827E+02
    3.57340510E+02
    1.90389142E+02
    1.04221598E+02
    5.82679032E+01
    3.25925377E+01
    1.85156754E+01
    1.05296572E+01
    5.83771666E+00
    3.14538753E+00
    1.60317400E+00
    8.02501365E-01
    3.79416514E-01
    1.52212785E-01
    5.98676265E-02
    2.29701555E-02
    5.28905019E-03
   21    0    0
    1.75181013E+05
    4.06305161E+04
    1.28774806E+04
    4.87510627E+03
    2.08639824E+03
    9.74761613E+02
    4.85057732E+02
    2.53101246E+02
    1.36359541E+02
    7.53180605E+01
    4.19770366E+01
    2.32897576E+01
    1.30359054E+01
    7.18978824E+00
    3.83600365E+00
    1.96144417E+00
    9.07961982E-01
    4.03481958E-01
    1.67356314E-01
    6.37350323E-02
    2.08726899E-02
   14    0    0
    2.35440516E+03
    7.79319454E+02
    3.27478709E+02
    1.55092014E+02
    7.83425739E+01
    4.10988587E+01
    2.19042230E+01
    1.17318986E+01
    6.17742092E+00
    3.13531785E+00
    1.51280755E+00
    6.67468778E-01
    2.23435531E-01
    7.25213350E-02
    7    0    0
    1.86806680E+02
    6.11936420E+01
    2.18394290E+01
    6.34030880E+00
    2.24973520E+00
    4.28037710E-01
    1.38929850E-01
    2    0    0
    4.04620550E+01
    4.43875960E+00
#Extracted from:
# basis dyall.aae3z
#K.G. Dyall, Theor. Chem. Acc. (2016) 135:128
#https://doi.org/10.5281/zenodo.7574628
