3
   26    0    0
5.35457160E+07
1.42038613E+07
4.80629769E+06
1.78908860E+06
7.20276833E+05
3.02628125E+05
1.31733990E+05
5.87641358E+04
2.67999728E+04
1.24569500E+04
5.89639608E+03
2.84064438E+03
1.39408614E+03
6.86372381E+02
3.50703666E+02
1.84095366E+02
9.50202800E+01
5.12018661E+01
2.49918732E+01
1.39704918E+01
6.44093845E+00
3.41440849E+00
1.27145724E+00
5.93279077E-01
1.40064516E-01
5.23186239E-02
   23    0    0
3.56469499E+07
8.73702922E+06
2.42137713E+06
7.31583532E+05
2.36438412E+05
8.09199260E+04
2.92084499E+04
1.11234936E+04
4.48023335E+03
1.90880752E+03
8.55585695E+02
4.00627339E+02
1.94642941E+02
9.76826570E+01
5.02641205E+01
2.51584550E+01
1.31820471E+01
6.32330727E+00
3.07671723E+00
1.22495208E+00
5.09437648E-01
1.53447241E-01
4.26939117E-02
   16    0    0
3.68622454E+04
8.85285568E+03
2.94450425E+03
1.16956213E+03
5.18322372E+02
2.47264343E+02
1.23527553E+02
6.35641910E+01
3.27647519E+01
1.70521073E+01
8.75096102E+00
4.38292571E+00
2.06578323E+00
8.01155450E-01
2.99021849E-01
9.77565490E-02
   12    0    0
1.26397633E+03
4.22192761E+02
1.77684551E+02
8.27686079E+01
4.07237915E+01
2.04611174E+01
1.03043416E+01
5.03521945E+00
2.33988257E+00
1.00838060E+00
3.70829815E-01
1.20361670E-01



** Available from the Dirac web site, http://dirac.chem.sdu.dk **