4
   32    0    0
5.34187440E+07
1.42072304E+07
4.83705299E+06
1.82243492E+06
7.52340844E+05
3.28713088E+05
1.51343205E+05
7.23670133E+04
3.58048610E+04
1.81916816E+04
9.46320177E+03
5.01975999E+03
2.71165870E+03
1.49136587E+03
8.35008337E+02
4.79088731E+02
2.81522009E+02
1.69804567E+02
1.12397757E+02
7.45352698E+01
4.71605917E+01
2.71017917E+01
1.66347701E+01
9.91337612E+00
5.74628855E+00
3.28607033E+00
1.77399509E+00
9.55254319E-01
4.89940448E-01
2.23289256E-01
1.02177679E-01
4.64522004E-02
   29    0    0
6.41883056E+07
2.21374996E+07
7.87796938E+06
2.93943547E+06
1.13901407E+06
4.55828469E+05
1.87673483E+05
7.93446576E+04
3.44294075E+04
1.53505429E+04
7.04779977E+03
3.33958813E+03
1.63360284E+03
8.23321488E+02
4.26347505E+02
2.26313981E+02
1.23309953E+02
6.88250051E+01
3.84948328E+01
2.18416499E+01
1.24567385E+01
6.91594967E+00
3.75520316E+00
1.94350834E+00
9.84749985E-01
4.63913310E-01
1.81244131E-01
6.91092335E-02
2.55981532E-02
   20    0    0
2.15699518E+05
4.97865775E+04
1.56614243E+04
5.87723503E+03
2.49382207E+03
1.15666719E+03
5.72228148E+02
2.97309783E+02
1.59722780E+02
8.81064178E+01
4.91141587E+01
2.72788205E+01
1.53345110E+01
8.52184020E+00
4.59893348E+00
2.40846087E+00
1.16939590E+00
5.42973782E-01
2.34638491E-01
9.27361831E-02
   14    0    0
3.08430866E+03
1.01250762E+03
4.23602108E+02
2.00738788E+02
1.01704543E+02
5.38148797E+01
2.89971334E+01
1.58032416E+01
8.53858639E+00
4.46404390E+00
2.23584171E+00
1.02627147E+00
3.60448112E-01
1.08577830E-01
    2    0    0
7.77044600E-01
2.34069250E-01



** Available from the Dirac web site, http://dirac.chem.sdu.dk **