3
   26    0    0
5.33254315E+07
1.41589924E+07
4.79984265E+06
1.79245430E+06
7.26443215E+05
3.07977028E+05
1.35526095E+05
6.11112696E+04
2.81515762E+04
1.31972344E+04
6.29076929E+03
3.04764578E+03
1.50329578E+03
7.46015677E+02
3.82673311E+02
2.01574261E+02
1.05483617E+02
5.71388497E+01
2.82377597E+01
1.59115206E+01
7.51524990E+00
4.04203523E+00
1.57169759E+00
7.50574382E-01
1.99521117E-01
7.20328724E-02
   23    0    0
3.86994832E+07
9.90251766E+06
2.82590439E+06
8.72660471E+05
2.86537548E+05
9.91044553E+04
3.59609860E+04
1.36919379E+04
5.48627065E+03
2.31805338E+03
1.02959628E+03
4.78053027E+02
2.30900464E+02
1.14810012E+02
5.87943436E+01
2.92883374E+01
1.53597727E+01
7.38334820E+00
3.63980578E+00
1.49634610E+00
6.27534756E-01
1.81325893E-01
4.84149215E-02
   16    0    0
4.36384173E+04
1.03941689E+04
3.42470712E+03
1.34925607E+03
5.94280714E+02
2.82271035E+02
1.40631592E+02
7.22912115E+01
3.73143784E+01
1.94947650E+01
1.00710469E+01
5.09530918E+00
2.46947963E+00
1.02954652E+00
4.06534167E-01
1.40240866E-01
   12    0    0
1.62439207E+03
5.39654991E+02
2.26988553E+02
1.06142996E+02
5.27395571E+01
2.68506385E+01
1.38196370E+01
6.97793069E+00
3.38861178E+00
1.55019791E+00
6.19294980E-01
1.86550310E-01



** Available from the Dirac web site, http://dirac.chem.sdu.dk **