5
   36    0    0
5.30790073E+07
1.41178380E+07
4.80722313E+06
1.81152422E+06
7.48200978E+05
3.27280674E+05
1.51137241E+05
7.26958422E+04
3.63682414E+04
1.88318618E+04
1.01460230E+04
5.82599136E+03
3.85010707E+03
2.55613261E+03
1.53518952E+03
9.06034996E+02
5.52389804E+02
3.48598262E+02
2.26273664E+02
1.48192341E+02
9.49218137E+01
5.89522756E+01
3.52081241E+01
2.27519042E+01
1.47398207E+01
1.01212820E+01
6.34978384E+00
3.98570897E+00
2.36186210E+00
1.44065118E+00
8.58616473E-01
5.07113026E-01
2.76601076E-01
1.47284221E-01
7.67102624E-02
3.87202974E-02
   35    0    0
8.56767129E+07
3.59815913E+07
1.49176224E+07
6.36225556E+06
2.78361874E+06
1.24556053E+06
5.68302495E+05
2.64005873E+05
1.24729792E+05
5.99060779E+04
2.92620332E+04
1.45577396E+04
7.39082729E+03
3.83491978E+03
2.03450316E+03
1.10273535E+03
6.10298882E+02
3.44044885E+02
1.97084568E+02
1.15095596E+02
6.81030138E+01
4.03337528E+01
2.41832707E+01
1.46536534E+01
8.76333242E+00
5.16559936E+00
3.01656733E+00
1.72178445E+00
9.66664388E-01
5.29997901E-01
2.81569298E-01
1.41687474E-01
6.96883625E-02
3.40532021E-02
1.62899706E-02
   24    0    0
1.00490181E+06
2.29741144E+05
7.08289133E+04
2.57989810E+04
1.05606975E+04
4.72776544E+03
2.27361906E+03
1.15753844E+03
6.16182727E+02
3.40062481E+02
1.92576284E+02
1.11340668E+02
6.50429554E+01
3.80839128E+01
2.24864464E+01
1.32800129E+01
7.74500760E+00
4.42566686E+00
2.46982695E+00
1.32177162E+00
6.82085010E-01
3.35843742E-01
1.57250538E-01
6.88647200E-02
   16    0    0
5.57413318E+03
1.79726212E+03
7.46792982E+02
3.53064345E+02
1.80729002E+02
9.70399757E+01
5.38453473E+01
3.03046042E+01
1.72315472E+01
9.73205155E+00
5.33804247E+00
2.82549268E+00
1.40760720E+00
6.31551503E-01
2.57727957E-01
7.76354280E-02
    4    0    0
2.11355660E+00
1.19949710E+00
4.42041280E-01
1.33156160E-01
    2    0    0
8.10962200E-01
2.44286260E-01



** Available from the Dirac web site, http://dirac.chem.sdu.dk **