20
  48120383.12893963      0
  10693418.473097695      0
  3564472.8243658985         2
  1188157.6081219662         2
  396052.5360406554         2
  132017.5120135518         2
  44005.8373378506         3
  14668.6124459502         3
  4889.5374819834005         3
  1629.8458273278002         4
  543.2819424426001         4
  181.09398081420002         4
  60.364660271400005         4
  20.121553423800002         4
  6.707184474600001         4
  2.2357281582         5
  0.7452427194000001         5
  0.24841423980000002         5
  0.0828047466         3
  0.027601582200000002         2
