20
  101052253.97264846      0
  22456056.438366324      0
  7485352.146122108         3
  2495117.3820407027         3
  831705.7940135676         3
  277235.2646711892         3
  92411.75489039639         3
  30803.918296798798         3
  10267.9727655996         3
  3422.6575885332         4
  1140.8858628444         4
  380.2952876148         4
  126.7650958716         5
  42.255031957199996         5
  14.0850106524         5
  4.6950035508         5
  1.5650011836         5
  0.5216670612         5
  0.17388902039999998         5
  0.057963006799999994         3
