31
  124474609.29191281      2
  31118652.322978202      2
  15559326.161489101         2
  7779663.080744551         2
  3889831.5403722753         2
  1944915.7701861376         2
  972457.8850930688         2
  486228.9425465344         2
  243114.4712732672         2
  121557.2356366336         2
  60778.6178183168         2
  30389.3089091584         2
  15194.6544545792         2
  7597.3272272896         4
  3798.6636136448         4
  1899.3318068224         4
  949.6659034112         4
  474.8329517056         4
  237.4164758528         4
  118.7082379264         4
  59.3541189632         4
  29.6770594816         4
  14.8385297408         4
  7.4192648704         4
  3.7096324352         4
  1.8548162176         4
  0.9274081088         4
  0.4637040544         4
  0.2318520272         4
  0.1159260136         2
  0.0579630068         2
