20
  73127912.92011553      0
  16250647.315581227      0
  5416882.438527076         3
  1805627.479509025         3
  601875.8265030084         3
  200625.2755010028         3
  66875.0918336676         3
  22291.697277889198         4
  7430.565759296399         4
  2476.8552530987995         4
  825.6184176995998         5
  275.20613923319996         5
  91.73537974439999         5
  30.578459914799996         5
  10.192819971599999         5
  3.3976066571999994         5
  1.1325355523999998         5
  0.37751185079999994         6
  0.1258372836         5
  0.041945761199999994         3
