20
  101052253.97264846      2
  22456056.438366324      2
  7485352.146122108         2
  2495117.3820407027         2
  831705.7940135676         2
  277235.2646711892         2
  92411.75489039639         2
  30803.918296798798         2
  10267.9727655996         2
  3422.6575885332         4
  1140.8858628444         4
  380.2952876148         4
  126.7650958716         4
  42.255031957199996         4
  14.0850106524         4
  4.6950035508         4
  1.5650011836         4
  0.5216670612         4
  0.17388902039999998         4
  0.057963006799999994         2
