20
  48120383.12893963      0
  10693418.473097695      0
  3564472.8243658985         3
  1188157.6081219662         3
  396052.5360406554         3
  132017.5120135518         3
  44005.8373378506         4
  14668.6124459502         4
  4889.5374819834005         4
  1629.8458273278002         5
  543.2819424426001         5
  181.09398081420002         5
  60.364660271400005         5
  20.121553423800002         5
  6.707184474600001         5
  2.2357281582         6
  0.7452427194000001         6
  0.24841423980000002         6
  0.0828047466         4
  0.027601582200000002         3
