2
   15    0    0
2.53393780E+06
3.01895586E+05
5.83285650E+04
1.46132080E+04
4.33631952E+03
1.45157280E+03
5.32161744E+02
2.09781232E+02
8.69253704E+01
2.78236187E+01
1.17396176E+01
3.39595177E+00
1.36900330E+00
2.01619295E-01
7.35445663E-02
   11    0    0
5.12265211E+03
1.04125569E+03
3.10993408E+02
1.11520023E+02
4.42424276E+01
1.85498567E+01
7.69458328E+00
3.14658456E+00
1.19940686E+00
2.39820927E-01
6.51562571E-02
    7    0    0
1.23474619E+02
3.60838769E+01
1.29999784E+01
5.07899106E+00
1.95065344E+00
6.96231835E-01
1.91389544E-01



** Available from the Dirac web site, http://dirac.chem.sdu.dk **