3
   23    0    0
5.55445959E+07
9.53805914E+06
2.19617901E+06
5.97356169E+05
1.84366401E+05
6.28039247E+04
2.31796696E+04
9.14019784E+03
3.80916474E+03
1.66331442E+03
7.55624758E+02
3.55009317E+02
1.71490540E+02
8.40892083E+01
3.91430040E+01
1.98206909E+01
9.99972969E+00
4.64904841E+00
2.24139583E+00
1.03349674E+00
2.70644104E-01
1.22830759E-01
5.23471170E-02
   16    0    0
9.08808822E+04
1.44309931E+04
3.65650470E+03
1.19291003E+03
4.53605376E+02
1.90707869E+02
8.60219479E+01
4.06184271E+01
1.98041541E+01
9.77666289E+00
4.66475578E+00
2.16284487E+00
9.62156734E-01
3.06986778E-01
1.11755278E-01
3.99871898E-02
   10    0    0
3.92523211E+02
1.15654755E+02
4.40247675E+01
1.87021090E+01
8.47094152E+00
3.89826857E+00
1.76032088E+00
7.66908542E-01
3.14030786E-01
1.08908959E-01
    1    0    0
3.17685060E-01



** Available from the Dirac web site, http://dirac.chem.sdu.dk **