4
   30    0    0
9.96089449E+07
2.44831720E+07
7.61552488E+06
2.65237057E+06
1.01712385E+06
4.20623898E+05
1.84428794E+05
8.41297024E+04
3.95307377E+04
1.90529584E+04
9.39666300E+03
4.72979768E+03
2.42518429E+03
1.26480781E+03
6.70024560E+02
3.60443705E+02
1.96990836E+02
1.09120155E+02
6.09090649E+01
3.35830923E+01
1.89034268E+01
1.07030753E+01
6.00108724E+00
3.22591019E+00
1.71590896E+00
8.90966451E-01
3.61458973E-01
1.87413182E-01
9.04125769E-02
4.23405667E-02
   21    0    0
1.59297069E+06
2.33812938E+05
5.09422688E+04
1.41733512E+04
4.74137088E+03
1.81743374E+03
7.69292056E+02
3.50283993E+02
1.68571886E+02
8.46628691E+01
4.38118144E+01
2.31883166E+01
1.24307375E+01
6.60221463E+00
3.44178031E+00
1.75991005E+00
8.72010115E-01
3.66397680E-01
1.59088832E-01
6.82556004E-02
2.89847306E-02
   13    0    0
1.18749622E+03
3.44560184E+02
1.31308059E+02
5.74935081E+01
2.71362840E+01
1.34399334E+01
6.85110343E+00
3.49998836E+00
1.76630535E+00
8.78040415E-01
4.31414477E-01
2.09574474E-01
8.31207616E-02
    2    0    0
4.90072500E-01
2.04131130E-01
    1    0    0
4.18122790E-01



** Available from the Dirac web site, http://dirac.chem.sdu.dk **