4
   32    0    0
5.28389212E+07
1.40521807E+07
4.78180836E+06
1.79948430E+06
7.41886022E+05
3.23823867E+05
1.49197681E+05
7.15543894E+04
3.56108459E+04
1.82523194E+04
9.61243470E+03
5.18125511E+03
2.85477532E+03
1.60672189E+03
9.26857498E+02
5.50415392E+02
3.36757664E+02
2.10314095E+02
1.31656549E+02
8.20063162E+01
5.00791740E+01
2.90296683E+01
1.78393463E+01
1.08011189E+01
6.23563614E+00
3.59463200E+00
1.97855145E+00
1.07147041E+00
5.51185273E-01
2.52949835E-01
1.15935551E-01
5.25697150E-02
   29    0    0
6.52229832E+07
2.28950204E+07
8.25561721E+06
3.11409123E+06
1.21781106E+06
4.91121742E+05
2.03480680E+05
8.64516614E+04
3.76433472E+04
1.68150313E+04
7.72224217E+03
3.65513678E+03
1.78446385E+03
8.97283543E+02
4.63598487E+02
2.45630365E+02
1.33548904E+02
7.44586477E+01
4.16274035E+01
2.35940387E+01
1.34629367E+01
7.47661555E+00
4.07452434E+00
2.12232559E+00
1.07791448E+00
5.06380962E-01
1.95321250E-01
7.32264038E-02
2.66155757E-02
   20    0    0
2.36670187E+05
5.45083633E+04
1.70890942E+04
6.38733622E+03
2.69943034E+03
1.24764497E+03
6.15471515E+02
3.19072065E+02
1.71149871E+02
9.43183159E+01
5.25615717E+01
2.92047727E+01
1.64429163E+01
9.16358297E+00
4.96826487E+00
2.62632050E+00
1.29862479E+00
6.10799317E-01
2.67149237E-01
1.06753088E-01
   14    0    0
3.44007924E+03
1.12499017E+03
4.69679883E+02
2.22451893E+02
1.12780880E+02
5.98100587E+01
3.23377361E+01
1.77154130E+01
9.64214729E+00
5.08792571E+00
2.58030520E+00
1.20082206E+00
4.30218881E-01
1.30576120E-01
    2    0    0
9.76734530E-01
2.96449580E-01



** Available from the Dirac web site, http://dirac.chem.sdu.dk **