5
   36    0    0
5.28348976E+07
1.40500323E+07
4.78082602E+06
1.79919419E+06
7.41844044E+05
3.23756166E+05
1.49085023E+05
7.14545754E+04
3.55935593E+04
1.83304454E+04
9.79256875E+03
5.50286995E+03
3.48192450E+03
2.38338824E+03
1.47319109E+03
8.77046508E+02
5.35314782E+02
3.39833265E+02
2.22760060E+02
1.44415827E+02
9.36454097E+01
5.93554622E+01
3.59885499E+01
2.36308348E+01
1.53009368E+01
1.05739052E+01
6.99755409E+00
4.45664074E+00
2.59941275E+00
1.59387103E+00
9.24871674E-01
5.20059377E-01
3.13181760E-01
1.70060631E-01
8.79908964E-02
4.38774122E-02
   35    0    0
8.62254239E+07
3.67351088E+07
1.54267713E+07
6.64652737E+06
2.93278966E+06
1.32192978E+06
6.06838514E+05
2.83439975E+05
1.34635907E+05
6.50176263E+04
3.19117104E+04
1.59227363E+04
8.08826107E+03
4.19212664E+03
2.22045165E+03
1.20180315E+03
6.64417067E+02
3.74449587E+02
2.14489856E+02
1.25084340E+02
7.39299969E+01
4.37063871E+01
2.61453565E+01
1.58221789E+01
9.43617305E+00
5.54424193E+00
3.22859365E+00
1.83196222E+00
1.01548816E+00
5.45665731E-01
2.80743078E-01
1.40453853E-01
6.94444049E-02
3.42238079E-02
1.64434980E-02
   24    0    0
1.12641028E+06
2.57143981E+05
7.90755626E+04
2.86941813E+04
1.16948288E+04
5.21329700E+03
2.49726094E+03
1.26680872E+03
6.72058114E+02
3.69747256E+02
2.08869290E+02
1.20507178E+02
7.03358308E+01
4.12054118E+01
2.43347384E+01
1.43941821E+01
8.42314879E+00
4.83670490E+00
2.72158764E+00
1.47396736E+00
7.68168559E-01
3.81692311E-01
1.80289488E-01
7.95273237E-02
   16    0    0
6.17203182E+03
1.98173822E+03
8.21312396E+02
3.87588980E+02
1.98319291E+02
1.06514404E+02
5.91938275E+01
3.33941180E+01
1.90557653E+01
1.08169625E+01
5.98022315E+00
3.20617398E+00
1.62686943E+00
7.49799127E-01
3.08241165E-01
9.35545550E-02
    4    0    0
2.40830290E+00
1.40619090E+00
5.57011180E-01
1.69058970E-01
    2    0    0
9.71092530E-01
2.94737170E-01



** Available from the Dirac web site, http://dirac.chem.sdu.dk **