3
   26    0    0
5.27628405E+07
1.40133708E+07
4.75183492E+06
1.77517500E+06
7.20408639E+05
3.06113824E+05
1.35162724E+05
6.11720022E+04
2.82791692E+04
1.32972816E+04
6.35518513E+03
3.08595607E+03
1.52608657E+03
7.61051354E+02
3.91261106E+02
2.06219260E+02
1.09447393E+02
5.95888420E+01
2.97041859E+01
1.68158795E+01
8.06273324E+00
4.36715451E+00
1.73867578E+00
8.34970450E-01
2.29903056E-01
8.22959771E-02
   23    0    0
3.98896980E+07
1.04256771E+07
3.01899505E+06
9.42691288E+05
3.12091660E+05
1.08559324E+05
3.95177966E+04
1.50548547E+04
6.02084729E+03
2.53455319E+03
1.12087285E+03
5.18211737E+02
2.49451329E+02
1.23518192E+02
6.31016949E+01
3.13913337E+01
1.64685833E+01
7.93074448E+00
3.93382507E+00
1.63973946E+00
6.87916658E-01
1.95385072E-01
5.06608715E-02
   16    0    0
4.70596694E+04
1.11676755E+04
3.66352513E+03
1.43772105E+03
6.31321294E+02
2.99192247E+02
1.48838236E+02
7.64440098E+01
3.94573523E+01
2.06431961E+01
1.06838268E+01
5.42477673E+00
2.65674353E+00
1.14018455E+00
4.57792462E-01
1.60543325E-01
   12    0    0
1.80084798E+03
5.96677839E+02
2.50733614E+02
1.17361771E+02
5.84736975E+01
2.98953279E+01
1.54900287E+01
7.90406620E+00
3.89215028E+00
1.81266297E+00
7.38615637E-01
2.24177900E-01



** Available from the Dirac web site, http://dirac.chem.sdu.dk **