4
   34    0    0
6.08317392E+07
1.61959166E+07
5.55037393E+06
2.11756903E+06
8.85467326E+05
3.92058604E+05
1.82305138E+05
8.77620999E+04
4.34785315E+04
2.20245614E+04
1.13803407E+04
5.98934423E+03
3.21408009E+03
1.76558875E+03
1.00041468E+03
5.92250228E+02
3.75625842E+02
2.38838929E+02
1.50798681E+02
9.39234664E+01
5.64493482E+01
3.53503788E+01
2.17395792E+01
1.34404778E+01
8.30103217E+00
5.08713322E+00
2.95482347E+00
1.70648845E+00
9.63840443E-01
5.41182154E-01
2.99435729E-01
1.57107513E-01
7.93730699E-02
3.80210667E-02
   31    0    0
7.15248188E+07
2.44027116E+07
8.63861053E+06
3.23254424E+06
1.26461019E+06
5.14050137E+05
2.16087264E+05
9.37180882E+04
4.19075911E+04
1.93342449E+04
9.21124918E+03
4.53235797E+03
2.30024376E+03
1.20160416E+03
6.44177221E+02
3.53191800E+02
1.97402907E+02
1.11586230E+02
6.33259168E+01
3.66558425E+01
2.11668615E+01
1.20234311E+01
6.85494228E+00
3.86846732E+00
2.13766076E+00
1.14047523E+00
5.85342232E-01
2.66929975E-01
1.19941873E-01
5.30750579E-02
2.32345763E-02
   21    0    0
1.33382249E+05
3.14858642E+04
1.02145799E+04
3.96204457E+03
1.73370770E+03
8.27334951E+02
4.20225805E+02
2.23348598E+02
1.22883081E+02
6.91065721E+01
3.95818357E+01
2.27419197E+01
1.29102701E+01
7.29900666E+00
4.08902776E+00
2.23435634E+00
1.18977792E+00
6.38315155E-01
3.67838812E-01
1.97031244E-01
7.46000123E-02
   14    0    0
2.35358702E+03
7.86621332E+02
3.34716156E+02
1.60491225E+02
8.29421286E+01
4.46324615E+01
2.47514941E+01
1.38528611E+01
7.73143104E+00
4.26020945E+00
2.26950764E+00
1.12754633E+00
4.34585170E-01
1.84851434E-01
    1    0    0
3.71719257E-01



** Available from the Dirac web site, http://dirac.chem.sdu.dk **