3
   30    0    0
6.08065886E+07
1.61819739E+07
5.54011652E+06
2.11035998E+06
8.80336594E+05
3.88482357E+05
1.79728915E+05
8.59295390E+04
4.22230583E+04
2.12016222E+04
1.08528266E+04
5.65073069E+03
2.98842819E+03
1.60331928E+03
8.71523927E+02
4.79269345E+02
2.66890167E+02
1.50914461E+02
8.60893478E+01
4.85695076E+01
2.84941168E+01
1.64950587E+01
8.99556157E+00
5.04580944E+00
2.63070922E+00
1.40669517E+00
7.10350554E-01
2.60605843E-01
1.16832538E-01
5.01391846E-02
   26    0    0
4.42753717E+07
1.14041033E+07
3.30688276E+06
1.04933497E+06
3.57357790E+05
1.29209962E+05
4.93242075E+04
1.98386651E+04
8.40802025E+03
3.75210542E+03
1.75737824E+03
8.59182412E+02
4.35233370E+02
2.27084287E+02
1.20836151E+02
6.46569645E+01
3.54604117E+01
1.93651311E+01
1.02935156E+01
5.47511333E+00
2.75810139E+00
1.37743354E+00
6.43505311E-01
2.35622566E-01
8.85719824E-02
3.24958305E-02
   17    0    0
3.03881897E+04
7.46725832E+03
2.54761056E+03
1.03554117E+03
4.69737280E+02
2.28853172E+02
1.17228804E+02
6.18961286E+01
3.34166896E+01
1.80401385E+01
9.55801447E+00
5.01774026E+00
2.53510172E+00
1.23332218E+00
5.69796609E-01
2.46388080E-01
8.99285125E-02
   11    0    0
9.39007663E+02
3.19312209E+02
1.35882918E+02
6.43981621E+01
3.22692107E+01
1.66305546E+01
8.53817185E+00
4.27104494E+00
1.97350016E+00
7.08022357E-01
2.97511750E-01



** Available from the Dirac web site, http://dirac.chem.sdu.dk **