3
   24    0    0
5.80338285E+07
1.47025619E+07
4.63555754E+06
1.58527398E+06
5.79246257E+05
2.21879438E+05
8.87307796E+04
3.68480778E+04
1.58432979E+04
7.03105139E+03
3.21218877E+03
1.50707828E+03
7.23010621E+02
3.39805146E+02
1.70939014E+02
8.80173226E+01
4.30162250E+01
2.26098628E+01
1.02665686E+01
5.26482246E+00
1.89889444E+00
8.84613719E-01
2.01065745E-01
7.32370907E-02
   20    0    0
1.37282646E+07
2.35721283E+06
5.23566782E+05
1.36290763E+05
4.01480894E+04
1.31820210E+04
4.78798622E+03
1.90284415E+03
8.15022877E+02
3.69676016E+02
1.75043773E+02
8.44562670E+01
4.20432285E+01
2.11720749E+01
1.01075987E+01
4.90314928E+00
1.96328877E+00
8.05496991E-01
2.00496286E-01
5.59278837E-02
   14    0    0
9.80668020E+03
2.53461202E+03
9.01015229E+02
3.75502849E+02
1.71843268E+02
8.32163373E+01
4.17508976E+01
2.11097058E+01
1.05041178E+01
5.14706485E+00
2.34214699E+00
1.03451933E+00
4.21552202E-01
1.50267783E-01
    8    0    0
4.89995595E+02
1.66331967E+02
6.99800850E+01
3.21750898E+01
1.54175772E+01
7.36995778E+00
3.40866133E+00
1.41384687E+00



** Available from the Dirac web site, http://dirac.chem.sdu.dk **