6
   37    0    0
5.60587029E+07
1.49226412E+07
5.10310201E+06
1.93953264E+06
8.09414355E+05
3.58659287E+05
1.68019329E+05
8.22494161E+04
4.20825000E+04
2.24492450E+04
1.25134556E+04
7.28323805E+03
4.40475410E+03
2.71443935E+03
1.67388849E+03
1.03640905E+03
6.52144312E+02
4.06169635E+02
2.48909464E+02
1.50236690E+02
8.98074097E+01
5.57993497E+01
3.43465652E+01
2.11284865E+01
1.32260515E+01
8.23356895E+00
5.02292464E+00
3.03674496E+00
1.84396265E+00
1.18359299E+00
7.09467983E-01
4.22656241E-01
2.40653453E-01
1.25841533E-01
6.68364350E-02
3.41484853E-02
1.71187287E-02
   34    0    0
7.79858035E+07
2.97999154E+07
1.14684157E+07
4.59633998E+06
1.90582832E+06
8.14854387E+05
3.57860178E+05
1.61039717E+05
7.41773854E+04
3.49726603E+04
1.68916166E+04
8.36903166E+03
4.25721760E+03
2.22375657E+03
1.19162300E+03
6.53453513E+02
3.65932595E+02
2.08341231E+02
1.20144452E+02
7.04387011E+01
4.16937533E+01
2.46170480E+01
1.45576080E+01
8.66916200E+00
5.08258802E+00
2.92325599E+00
1.64939193E+00
8.83927999E-01
4.63255604E-01
2.39716891E-01
1.17782903E-01
5.64957138E-02
2.66544356E-02
1.25440571E-02
   24    0    0
5.53787802E+05
1.28265620E+05
4.00229265E+04
1.47561493E+04
6.13586812E+03
2.79518362E+03
1.36736588E+03
7.06601326E+02
3.80589824E+02
2.11910180E+02
1.20688335E+02
7.00242646E+01
4.09546893E+01
2.39087233E+01
1.39646208E+01
8.14571244E+00
4.70018224E+00
2.65897832E+00
1.46937404E+00
7.80210734E-01
3.74377183E-01
1.71707197E-01
7.56086478E-02
3.17430200E-02
   15    0    0
1.97585311E+03
6.60651723E+02
2.79215292E+02
1.33151842E+02
6.75735076E+01
3.57327172E+01
1.91467280E+01
1.02938633E+01
5.44786695E+00
2.76339034E+00
1.34941475E+00
6.24933468E-01
2.68891375E-01
1.01631877E-01
5.95396300E-02
    6    0    0
4.27827150E+00
1.61160040E+00
8.44054160E-01
5.71929160E-01
1.61735700E-01
1.05912200E-01
    5    0    0
4.25902020E+00
3.04161480E+00
1.06117320E+00
2.02720150E-01
1.32750730E-01
    2    0    0
2.27550010E+00
3.75453400E-01



** Available from the Dirac web site, http://dirac.chem.sdu.dk **