5
   33    0    0
5.60520573E+07
1.49198227E+07
5.10142040E+06
1.93833001E+06
8.08019532E+05
3.57150903E+05
1.66499726E+05
8.08218475E+04
4.06794731E+04
2.10500232E+04
1.11462283E+04
6.01964269E+03
3.31248331E+03
1.85057873E+03
1.04359907E+03
5.91216304E+02
3.38863762E+02
1.96135698E+02
1.14326267E+02
6.91813539E+01
4.17931244E+01
2.51975359E+01
1.44577277E+01
8.65217189E+00
5.20132538E+00
2.95902073E+00
1.67956846E+00
8.90468646E-01
4.72745423E-01
2.41963099E-01
8.28296096E-02
3.95850019E-02
1.86220510E-02
   29    0    0
5.37016368E+07
1.60803063E+07
5.16905261E+06
1.77670738E+06
6.43961543E+05
2.44211823E+05
9.64421170E+04
3.95813957E+04
1.68854313E+04
7.49800868E+03
3.46840457E+03
1.66928699E+03
8.32475259E+02
4.28038376E+02
2.26370352E+02
1.22455519E+02
6.78441094E+01
3.80070572E+01
2.10814070E+01
1.18247145E+01
6.58438109E+00
3.59346374E+00
1.91400107E+00
9.51687594E-01
4.63754688E-01
2.19359941E-01
8.39316062E-02
3.68673525E-02
1.55093629E-02
   20    0    0
1.19160302E+05
2.79880026E+04
9.03616399E+03
3.49031659E+03
1.52170214E+03
7.22415193E+02
3.64218017E+02
1.92104427E+02
1.04353935E+02
5.80455425E+01
3.24867864E+01
1.79873741E+01
1.00187522E+01
5.51414717E+00
2.95602974E+00
1.53724002E+00
7.55533519E-01
3.14634904E-01
1.23161267E-01
4.48139286E-02
   13    0    0
1.12520051E+03
3.78870462E+02
1.60480842E+02
7.53295619E+01
3.74987879E+01
1.90408843E+01
9.70144309E+00
4.83649734E+00
2.27147769E+00
1.00726544E+00
4.10332734E-01
1.44410755E-01
7.13231780E-02
    4    0    0
2.97485770E+00
9.22102570E-01
1.83887270E-01
1.20418100E-01
    2    0    0
1.95864510E+00
3.23172900E-01



** Available from the Dirac web site, http://dirac.chem.sdu.dk **