4
   26    0    0
5.53832140E+07
1.45549606E+07
4.84108799E+06
1.75710963E+06
6.82650922E+05
2.76019734E+05
1.15628339E+05
4.98577763E+04
2.20884036E+04
1.00302041E+04
4.66154828E+03
2.21428040E+03
1.07295882E+03
5.17329336E+02
2.62224084E+02
1.36251063E+02
6.78061227E+01
3.61309773E+01
1.71225423E+01
9.27781165E+00
3.91571685E+00
2.07337937E+00
7.15365411E-01
3.22665472E-01
6.09440453E-02
2.47938124E-02
   23    0    0
2.74569222E+07
5.90435838E+06
1.50278685E+06
4.27519019E+05
1.32659304E+05
4.43460727E+04
1.59018322E+04
6.11464559E+03
2.51647948E+03
1.10120199E+03
5.06749309E+02
2.42625634E+02
1.19046460E+02
6.07040441E+01
3.13124150E+01
1.57619488E+01
8.14555379E+00
3.82626905E+00
1.83640633E+00
6.87728968E-01
2.76122743E-01
6.48682793E-02
2.34019175E-02
   17    0    0
3.62704598E+04
8.78628431E+03
2.95075859E+03
1.18324861E+03
5.29788742E+02
2.55283539E+02
1.29095451E+02
6.74871901E+01
3.57539017E+01
1.87864079E+01
9.90872283E+00
5.10247442E+00
2.56833723E+00
1.22094256E+00
4.91399798E-01
1.80250543E-01
5.91224396E-02
   12    0    0
6.29775642E+02
2.12673104E+02
8.88282525E+01
4.07039864E+01
1.92841001E+01
9.15810572E+00
4.17359107E+00
1.77249803E+00
6.84372390E-01
2.23835622E-01
1.08915755E-01
7.13231780E-02
    2    0    0
1.74363050E+00
2.87695840E-01



** Available from the Dirac web site, http://dirac.chem.sdu.dk **