18
  32109757.64449863      2
  7135501.6987774735      2
  2378500.566259158         2
  792833.522086386         2
  264277.840695462         2
  88092.61356515401         2
  29364.204521718002         2
  9788.068173906         2
  3262.689391302         2
  1087.563130434         2
  362.52104347799997         2
  120.84034782599998         2
  40.280115941999995         2
  13.426705313999998         2
  4.475568437999999         2
  1.4918561459999997         2
  0.4972853819999999         2
  0.16576179399999996         2
