19
  46700475.14294562      0
  10377883.365099026      0
  3459294.4550330085         2
  1153098.1516776695         2
  384366.05055922316         2
  128122.01685307438         2
  42707.338951024794         2
  14235.779650341598         3
  4745.259883447199         3
  1581.7532944823997         3
  527.2510981607999         3
  175.75036605359995         3
  58.58345535119998         3
  19.527818450399995         3
  6.5092728167999985         3
  2.1697576055999996         3
  0.7232525351999999      6
  0.24108417839999996         3
  0.08036139279999999         2