19
  61626071.39612672      0
  13694682.532472603      0
  4564894.177490868         3
  1521631.3924969558         3
  507210.46416565194         3
  169070.15472188397         3
  56356.71824062799         3
  18785.572746875998         3
  6261.857582291999         4
  2087.2858607639996         4
  695.7619535879999         4
  231.92065119599997         4
  77.30688373199999         4
  25.768961243999996         4
  8.589653747999998         4
  2.8632179159999995         4
  0.9544059719999999         4
  0.31813532399999994      5
  0.10604510799999999         3