18
  32109757.64449863      0
  7135501.6987774735      0
  2378500.566259158         2
  792833.522086386         2
  264277.840695462         3
  88092.61356515401         3
  29364.204521718002         3
  9788.068173906         3
  3262.689391302         3
  1087.563130434         4
  362.52104347799997         4
  120.84034782599998         4
  40.280115941999995         4
  13.426705313999998         4
  4.475568437999999         4
  1.4918561459999997         4
  0.4972853819999999         4
  0.16576179399999996         3
