19
  46700475.14294562      0
  10377883.365099026      0
  3459294.4550330085         3
  1153098.1516776695         3
  384366.05055922316         3
  128122.01685307438         3
  42707.338951024794         3
  14235.779650341598         4
  4745.259883447199         4
  1581.7532944823997         4
  527.2510981607999         4
  175.75036605359995         4
  58.58345535119998         4
  19.527818450399995         4
  6.5092728167999985         4
  2.1697576055999996         4
  0.7232525351999999      6
  0.24108417839999996         4
  0.08036139279999999         3