29
  88992685.51953612      2
  22248171.37988403      2
  11124085.689942015         2
  5562042.844971008         2
  2781021.422485504         2
  1390510.711242752         2
  695255.355621376         2
  347627.677810688         2
  173813.838905344         2
  86906.919452672         2
  43453.459726336         2
  21726.729863168         2
  10863.364931584         2
  5431.682465792         2
  2715.841232896         2
  1357.920616448         2
  678.960308224         2
  339.480154112         2
  169.740077056         2
  84.870038528         2
  42.435019264         2
  21.217509632         2
  10.608754816         2
  5.304377408         2
  2.652188704         2
  1.326094352         2
  0.663047176         2
  0.331523588         2
  0.165761794         2
