18
  32109757.64449863      0
  7135501.6987774735      0
  2378500.566259158         1
  792833.522086386         1
  264277.840695462         2
  88092.61356515401         2
  29364.204521718002         2
  9788.068173906         2
  3262.689391302         2
  1087.563130434         3
  362.52104347799997         3
  120.84034782599998         3
  40.280115941999995         3
  13.426705313999998         3
  4.475568437999999         3
  1.4918561459999997         3
  0.4972853819999999         3
  0.16576179399999996         2
