5
   30    0    0
6.56667501E+07
1.74059686E+07
5.90789395E+06
2.21546325E+06
8.98171415E+05
3.81261125E+05
1.68218865E+05
7.64908007E+04
3.57458642E+04
1.71223898E+04
8.39636234E+03
4.20888468E+03
2.15313252E+03
1.12186564E+03
5.93510636E+02
3.16831786E+02
1.73003963E+02
9.59087024E+01
5.36906992E+01
2.99089044E+01
1.71511503E+01
9.67260757E+00
5.21915297E+00
2.79372137E+00
1.28597887E+00
6.55627006E-01
3.17138134E-01
8.43029345E-02
4.14986996E-02
1.97550318E-02
   24    0    0
1.91079526E+07
3.50118567E+06
8.15885963E+05
2.20989891E+05
6.72046308E+04
2.25756159E+04
8.31893456E+03
3.33751350E+03
1.44125435E+03
6.61327478E+02
3.18090789E+02
1.58751212E+02
8.14407205E+01
4.24075052E+01
2.27501259E+01
1.21518925E+01
6.32185153E+00
3.21962478E+00
1.50034990E+00
7.04837986E-01
3.19276188E-01
1.20948200E-01
4.97237675E-02
1.95318644E-02
   16    0    0
1.41103572E+04
3.60772785E+03
1.27485448E+03
5.32123272E+02
2.45425584E+02
1.20800363E+02
6.19858728E+01
3.26383107E+01
1.74080097E+01
9.17612005E+00
4.71122536E+00
2.33006841E+00
1.05076911E+00
4.20853816E-01
1.56949824E-01
5.40445392E-02
   11    0    0
4.05275174E+02
1.38251510E+02
5.85938957E+01
2.70865322E+01
1.31837803E+01
6.45805393E+00
3.09800878E+00
1.42066072E+00
6.04264050E-01
2.25667533E-01
8.42774540E-02
    3    0    0
1.09797440E+01
3.15409370E+00
3.08401890E-01
    2    0    0
7.07279680E+00
6.91565980E-01



** Available from the Dirac web site, http://dirac.chem.sdu.dk **