4
   24    0    0
5.87148847E+07
1.39601904E+07
4.10291279E+06
1.31831112E+06
4.56614387E+05
1.67687226E+05
6.48850323E+04
2.62873290E+04
1.10996886E+04
4.86377573E+03
2.20349508E+03
1.02872271E+03
4.91933351E+02
2.26679818E+02
1.13390158E+02
5.78823355E+01
2.80705312E+01
1.45974485E+01
6.41445953E+00
3.10501748E+00
9.23392303E-01
3.96898929E-01
6.39428583E-02
2.58898551E-02
   19    0    0
3.39128349E+06
4.95822826E+05
1.02373676E+05
2.61264417E+04
7.90503016E+03
2.75626630E+03
1.07461702E+03
4.55651360E+02
2.05187575E+02
9.62976410E+01
4.54988642E+01
2.24697591E+01
1.08200236E+01
5.23312464E+00
2.45020865E+00
9.16660893E-01
3.51112309E-01
7.29788020E-02
2.58071180E-02
   13    0    0
4.75587491E+03
1.28277524E+03
4.68949579E+02
1.98335032E+02
9.13707032E+01
4.40617489E+01
2.18663782E+01
1.06899927E+01
5.09132252E+00
2.30120297E+00
8.44748540E-01
2.81250944E-01
8.29297214E-02
    8    0    0
1.52358461E+02
5.11983767E+01
2.03875741E+01
8.65805353E+00
3.60310594E+00
1.39048521E+00
4.56116586E-01
1.25886877E-01
    2    0    0
6.01857500E+00
5.88485980E-01



** Available from the Dirac web site, http://dirac.chem.sdu.dk **