6
   35    0    0
6.59734263E+07
1.75730416E+07
6.03686290E+06
2.31486156E+06
9.74980009E+05
4.35723420E+05
2.04701994E+05
9.96542497E+04
4.99833159E+04
2.56634846E+04
1.34406993E+04
7.15989286E+03
3.87535563E+03
2.13070575E+03
1.18989030E+03
6.74297692E+02
3.87242143E+02
2.24813973E+02
1.33621614E+02
8.12811580E+01
5.09398029E+01
3.22805262E+01
2.03946846E+01
1.25032437E+01
7.28744564E+00
4.32100011E+00
2.52340515E+00
1.41752404E+00
7.91574003E-01
4.41984989E-01
2.43453707E-01
1.18784126E-01
6.17391392E-02
3.19226839E-02
1.64204955E-02
   30    0    0
4.91789211E+07
1.28380863E+07
3.76888450E+06
1.21236375E+06
4.19038497E+05
1.53895281E+05
5.96788855E+04
2.43755729E+04
1.04821781E+04
4.74162682E+03
2.24896525E+03
1.11287885E+03
5.71147913E+02
3.01896166E+02
1.63528402E+02
8.99890036E+01
4.99948607E+01
2.83902754E+01
1.62940396E+01
9.29736014E+00
5.20744639E+00
2.88885412E+00
1.55272712E+00
8.27489135E-01
4.40336463E-01
2.33462795E-01
1.12690386E-01
5.60052050E-02
2.73229184E-02
1.32117925E-02
   19    0    0
4.45144166E+04
1.08521940E+04
3.67769543E+03
1.48746557E+03
6.74028751E+02
3.30013118E+02
1.70355941E+02
9.14634240E+01
5.02710174E+01
2.81464464E+01
1.58313543E+01
8.79574653E+00
4.80219900E+00
2.55974288E+00
1.30121566E+00
5.87266128E-01
2.51861485E-01
1.03644487E-01
4.02739367E-02
   13    0    0
7.41088057E+02
2.54100266E+02
1.08466987E+02
5.17449557E+01
2.60131208E+01
1.35617366E+01
7.10812219E+00
3.67586957E+00
1.84867432E+00
8.88346999E-01
4.00359296E-01
1.60718765E-01
6.45183506E-02
    5    0    0
1.69299790E+01
5.84305730E+00
1.93167410E+00
4.66918250E-01
1.51293630E-01
    4    0    0
1.20158600E+01
3.89458590E+00
3.80805950E-01
2.35228250E-01
    2    0    0
7.82630300E+00
7.65242530E-01



** Available from the Dirac web site, http://dirac.chem.sdu.dk **