4
   32    0    0
5.34404034E+07
1.42148893E+07
4.84236314E+06
1.82646808E+06
7.54973182E+05
3.30390780E+05
1.52365155E+05
7.29582964E+04
3.61170428E+04
1.83440821E+04
9.53399927E+03
5.05504650E+03
2.73503867E+03
1.51305864E+03
8.58623155E+02
5.03073774E+02
3.03275693E+02
1.86735548E+02
1.15872834E+02
7.24188595E+01
4.44306039E+01
2.54061305E+01
1.55227309E+01
9.28378505E+00
5.37610095E+00
3.08251825E+00
1.65086240E+00
8.96586450E-01
4.66961764E-01
2.02891717E-01
9.23119688E-02
4.16481022E-02
   29    0    0
6.25254367E+07
2.11942715E+07
7.44649094E+06
2.74929720E+06
1.05596960E+06
4.19509363E+05
1.71704905E+05
7.22691476E+04
3.12658558E+04
1.39210383E+04
6.39312205E+03
3.03424605E+03
1.48783970E+03
7.51912283E+02
3.90378781E+02
2.07648226E+02
1.13413182E+02
6.33621412E+01
3.54442354E+01
2.01273212E+01
1.14649093E+01
6.36265296E+00
3.44202126E+00
1.76929877E+00
8.92588987E-01
4.21545305E-01
1.66848750E-01
6.46716262E-02
2.43988343E-02
   20    0    0
1.95200461E+05
4.51596202E+04
1.42571806E+04
5.37309975E+03
2.28953107E+03
1.06577951E+03
5.28820699E+02
2.75368585E+02
1.48160007E+02
8.17963096E+01
4.56011813E+01
2.53155044E+01
1.42033502E+01
7.86601159E+00
4.22250428E+00
2.18701772E+00
1.03904030E+00
4.74044302E-01
2.01542124E-01
7.84852668E-02
   14    0    0
2.72563730E+03
8.98368357E+02
3.76657984E+02
1.78511399E+02
9.03425808E+01
4.76440471E+01
2.55565695E+01
1.38304049E+01
7.39676664E+00
3.82067555E+00
1.88382132E+00
8.50003364E-01
2.91587655E-01
9.01747770E-02
    2    0    0
5.97184500E-01
1.84681960E-01



** Available from the Dirac web site, http://dirac.chem.sdu.dk **