5
   36    0    0
5.33269623E+07
1.41851417E+07
4.83268372E+06
1.82318050E+06
7.54099166E+05
3.30477679E+05
1.52929369E+05
7.37356296E+04
3.69817603E+04
1.91879784E+04
1.03264584E+04
5.85198023E+03
3.74773856E+03
2.54405948E+03
1.55186768E+03
9.16054784E+02
5.51401938E+02
3.37400874E+02
2.08750776E+02
1.31115890E+02
8.35357781E+01
5.26866244E+01
3.26325371E+01
2.16866319E+01
1.41004686E+01
8.72303455E+00
5.51599702E+00
3.37675879E+00
2.08066643E+00
1.22202827E+00
7.34117242E-01
4.35468451E-01
2.30901222E-01
1.23322316E-01
6.50849182E-02
3.34128974E-02
   35    0    0
8.32558353E+07
3.43810001E+07
1.40848826E+07
5.95180081E+06
2.58243045E+06
1.14620015E+06
5.18659046E+05
2.39042751E+05
1.12203808E+05
5.36441752E+04
2.61240540E+04
1.29692845E+04
6.57387226E+03
3.40746952E+03
1.80729469E+03
9.80046315E+02
5.42782244E+02
3.05982411E+02
1.75229867E+02
1.02348390E+02
6.03259619E+01
3.55051710E+01
2.12253603E+01
1.27547462E+01
7.56428591E+00
4.42520750E+00
2.55567610E+00
1.44020629E+00
7.99628812E-01
4.32397680E-01
2.23440848E-01
1.13579586E-01
5.75133443E-02
2.93160698E-02
1.46599600E-02
   24    0    0
8.61082747E+05
1.97163167E+05
6.09272802E+04
2.22551945E+04
9.14110391E+03
4.10984399E+03
1.98633142E+03
1.01599233E+03
5.42985895E+02
3.00646273E+02
1.70686814E+02
9.89340908E+01
5.78325035E+01
3.37883655E+01
1.99543036E+01
1.17621890E+01
6.82594027E+00
3.88239844E+00
2.14868597E+00
1.13375706E+00
5.77919293E-01
2.81695359E-01
1.30867606E-01
5.70614201E-02
   16    0    0
4.95845653E+03
1.60576278E+03
6.68803827E+02
3.16708418E+02
1.62087843E+02
8.69589193E+01
4.81243689E+01
2.69894774E+01
1.52675721E+01
8.56323870E+00
4.65189758E+00
2.42630398E+00
1.18377640E+00
5.15030549E-01
2.09013101E-01
6.46382300E-02
    4    0    0
1.82962850E+00
9.94657160E-01
3.47700620E-01
1.07527960E-01
    2    0    0
6.49687490E-01
2.00918740E-01



** Available from the Dirac web site, http://dirac.chem.sdu.dk **