3
   26    0    0
5.33210010E+07
1.41526206E+07
4.79441748E+06
1.78820631E+06
7.22672032E+05
3.05154593E+05
1.33613628E+05
5.99445618E+04
2.74827170E+04
1.28314375E+04
6.09598308E+03
2.94541486E+03
1.44932608E+03
7.16455784E+02
3.66801926E+02
1.92898651E+02
1.00227500E+02
5.41433178E+01
2.65930879E+01
1.49266600E+01
6.97071717E+00
3.72158524E+00
1.41716364E+00
6.70970687E-01
1.69594216E-01
6.21167181E-02
   23    0    0
3.71337198E+07
9.30602203E+06
2.61823444E+06
7.99987855E+05
2.60655850E+05
8.96907275E+04
3.24613275E+04
1.23607445E+04
4.96560647E+03
2.10687823E+03
9.40159925E+02
4.38444101E+02
2.12451766E+02
1.06126490E+02
5.44838498E+01
2.71984570E+01
1.42584595E+01
6.84538912E+00
3.35280046E+00
1.35754972E+00
5.67905360E-01
1.67224568E-01
4.57730903E-02
   16    0    0
4.02425855E+04
9.62336266E+03
3.18530793E+03
1.25998307E+03
5.56666523E+02
2.64988073E+02
1.32208375E+02
6.80055277E+01
3.50876210E+01
1.82999098E+01
9.42795824E+00
4.74849296E+00
2.27204972E+00
9.16088456E-01
3.53675418E-01
1.19394440E-01
   12    0    0
1.44773097E+03
4.82252239E+02
2.02968175E+02
9.47684794E+01
4.69054316E+01
2.37503048E+01
1.21164248E+01
6.03493324E+00
2.87795003E+00
1.28540448E+00
4.98520298E-01
1.54169620E-01



** Available from the Dirac web site, http://dirac.chem.sdu.dk **