20
  65395599.260429956      0
  14532355.391206658      0
  4844118.4637355525         2
  1614706.1545785174         2
  538235.3848595058         2
  179411.7949531686         2
  59803.9316510562         3
  19934.6438836854         3
  6644.8812945618         3
  2214.9604315206         4
  738.3201438402001         4
  246.10671461340004         4
  82.03557153780001         4
  27.345190512600002         4
  9.1150635042         4
  3.0383545014         5
  1.0127848338         5
  0.3375949446         4
  0.1125316482         2
  0.0375105494         2
