30
  94503418.90009333      2
  23625854.725023333      2
  11812927.362511666         2
  5906463.681255833         2
  2953231.8406279166         2
  1476615.9203139583         2
  738307.9601569792         2
  369153.9800784896         2
  184576.9900392448         2
  92288.4950196224         2
  46144.2475098112         2
  23072.1237549056         2
  11536.0618774528         2
  5768.0309387264         4
  2884.0154693632         4
  1442.0077346816         4
  721.0038673408         4
  360.5019336704         4
  180.2509668352         4
  90.1254834176         4
  45.0627417088         4
  22.5313708544         4
  11.2656854272         4
  5.6328427136         4
  2.8164213568         4
  1.4082106784         4
  0.7041053392         4
  0.3520526696         2
  0.1760263348         2
  0.0880131674         2
