19
  51147156.52882028      0
  11366034.784182286      0
  3788678.261394095         2
  1262892.7537980317         2
  420964.2512660106         2
  140321.4170886702         2
  46773.8056962234         2
  15591.2685654078         2
  5197.0895218026         3
  1732.3631739342         3
  577.4543913114         4
  192.4847971038         4
  64.1615990346         4
  21.387199678200002         4
  7.129066559400001         4
  2.3763555198         4
  0.7921185066         4
  0.2640395022         2
  0.0880131674         2
