20
  98376796.53281488      0
  21861510.34062553      0
  7287170.113541842         3
  2429056.7045139475         3
  809685.5681713158         3
  269895.1893904386         3
  89965.0631301462         3
  29988.3543767154         3
  9996.1181255718         4
  3332.0393751906         4
  1110.6797917302         5
  370.22659724339997         5
  123.4088657478         5
  41.136288582599995         5
  13.712096194199999         5
  4.570698731399999         5
  1.5235662437999997         6
  0.5078554145999999         5
  0.1692851382         3
  0.0564283794         3
