20
  65395599.260429956      0
  14532355.391206658      0
  4844118.4637355525         3
  1614706.1545785174         3
  538235.3848595058         3
  179411.7949531686         3
  59803.9316510562         4
  19934.6438836854         4
  6644.8812945618         4
  2214.9604315206         5
  738.3201438402001         5
  246.10671461340004         5
  82.03557153780001         5
  27.345190512600002         5
  9.1150635042         5
  3.0383545014         6
  1.0127848338         6
  0.3375949446         5
  0.1125316482         3
  0.0375105494         3
