19
  51147156.52882028      0
  11366034.784182286      0
  3788678.261394095         3
  1262892.7537980317         3
  420964.2512660106         3
  140321.4170886702         3
  46773.8056962234         3
  15591.2685654078         3
  5197.0895218026         4
  1732.3631739342         4
  577.4543913114         5
  192.4847971038         5
  64.1615990346         5
  21.387199678200002         5
  7.129066559400001         5
  2.3763555198         5
  0.7921185066         5
  0.2640395022         3
  0.0880131674         3
