5
   34    0    0
6.36028633E+07
1.69211166E+07
5.79327757E+06
2.20737476E+06
9.20435100E+05
4.05824118E+05
1.87351426E+05
8.93106918E+04
4.37354538E+04
2.18809597E+04
1.11506835E+04
5.77793793E+03
3.04619328E+03
1.63713392E+03
8.98616139E+02
5.04532193E+02
2.91618915E+02
1.76953239E+02
1.13500017E+02
7.36620560E+01
4.53947054E+01
2.85766052E+01
1.75707275E+01
1.05101493E+01
6.29680708E+00
3.72339577E+00
2.12304797E+00
1.22985635E+00
7.02834389E-01
3.95258204E-01
2.17361976E-01
1.08733440E-01
5.42192519E-02
2.67534923E-02
   30    0    0
5.41608341E+07
1.51650488E+07
4.66703689E+06
1.55673075E+06
5.53393319E+05
2.07656365E+05
8.17799481E+04
3.37127418E+04
1.45426248E+04
6.56633903E+03
3.09936984E+03
1.52415919E+03
7.77307182E+02
4.08612842E+02
2.20290354E+02
1.21001493E+02
6.72941507E+01
3.81465845E+01
2.19739060E+01
1.26146579E+01
7.08485729E+00
3.96333850E+00
2.14367013E+00
1.15270703E+00
6.09972800E-01
3.16651397E-01
1.48380126E-01
7.10460759E-02
3.41791145E-02
1.63550016E-02
   19    0    0
5.67987485E+04
1.37097742E+04
4.59177346E+03
1.83826808E+03
8.26235074E+02
4.02044098E+02
2.06608074E+02
1.10587964E+02
6.06958938E+01
3.39771620E+01
1.91156011E+01
1.06284268E+01
5.82476449E+00
3.12815585E+00
1.60956285E+00
7.95620267E-01
3.77174881E-01
1.69925644E-01
7.13823879E-02
   13    0    0
1.26645950E+03
4.30750569E+02
1.83817495E+02
8.82477403E+01
4.50048506E+01
2.38007411E+01
1.27521957E+01
6.71793682E+00
3.39925180E+00
1.59124925E+00
6.51106107E-01
2.50791806E-01
9.65995110E-02
    4    0    0
2.07666900E+00
1.26591377E+00
4.37831711E-01
1.51429430E-01
    2    0    0
9.57890715E-01
3.31298180E-01



** Available from the Dirac web site, http://dirac.chem.sdu.dk **