4
   30    0    0
6.35989718E+07
1.69194013E+07
5.79498858E+06
2.21052705E+06
9.22640450E+05
4.06411159E+05
1.87016706E+05
8.87685669E+04
4.32560748E+04
2.15308862E+04
1.09303061E+04
5.64950603E+03
2.96549833E+03
1.57645826E+03
8.47487261E+02
4.60492333E+02
2.50001235E+02
1.38500901E+02
7.71304453E+01
4.18022714E+01
2.41233390E+01
1.36216426E+01
7.24621484E+00
3.91034367E+00
1.87808960E+00
1.00649849E+00
4.94407902E-01
1.65778728E-01
7.48909768E-02
3.28513445E-02
   24    0    0
2.32614724E+07
4.54223770E+06
1.09782849E+06
3.04117876E+05
9.36034385E+04
3.15224712E+04
1.15470738E+04
4.58126104E+03
1.95352193E+03
8.85802903E+02
4.21860206E+02
2.08798095E+02
1.06594548E+02
5.53659266E+01
2.96601090E+01
1.59010198E+01
8.29969813E+00
4.27886258E+00
2.05882521E+00
1.00172240E+00
4.59438851E-01
1.63359634E-01
6.49077440E-02
2.50175901E-02
   15    0    0
1.16164850E+04
2.98897975E+03
1.06024970E+03
4.42962247E+02
2.03658556E+02
9.97171379E+01
5.05928203E+01
2.62976468E+01
1.35829694E+01
6.85124977E+00
3.36256728E+00
1.51388549E+00
6.53697107E-01
2.61385847E-01
9.41051909E-02
   11    0    0
5.95193446E+02
2.03070277E+02
8.64178247E+01
4.04690209E+01
2.00073032E+01
1.00564871E+01
4.99110583E+00
2.38362025E+00
1.03678508E+00
3.28336572E-01
1.03979990E-01
    2    0    0
6.73365348E-01
2.13246190E-01



** Available from the Dirac web site, http://dirac.chem.sdu.dk **