3
   24    0    0
5.88559525E+07
1.44706943E+07
4.40419732E+06
1.45778202E+06
5.17541137E+05
1.93723958E+05
7.60666531E+04
3.11531516E+04
1.32571409E+04
5.84018438E+03
2.65484404E+03
1.24168515E+03
5.94265499E+02
2.76384816E+02
1.38725713E+02
7.11444138E+01
3.44881047E+01
1.80205937E+01
8.04250506E+00
3.98997023E+00
1.30707491E+00
5.92741908E-01
1.22193649E-01
4.52759578E-02
   19    0    0
5.20757048E+06
7.80267194E+05
1.61694479E+05
4.08211391E+04
1.20700434E+04
4.09173362E+03
1.55391672E+03
6.44861897E+02
2.85423872E+02
1.32199249E+02
6.21064318E+01
3.06617748E+01
1.51454548E+01
7.31041930E+00
3.48552798E+00
1.34048666E+00
5.35588998E-01
1.18513934E-01
3.73670806E-02
   12    0    0
3.75641127E+03
1.02198342E+03
3.73969296E+02
1.57367949E+02
7.15750058E+01
3.39607822E+01
1.61776843E+01
7.56543559E+00
3.39798385E+00
1.26490901E+00
4.59750744E-01
1.44037681E-01
    9    0    0
3.05940194E+02
1.03883228E+02
4.30377829E+01
1.94095450E+01
8.96137545E+00
4.06003639E+00
1.73647706E+00
6.47139292E-01
1.92373800E-01



** Available from the Dirac web site, http://dirac.chem.sdu.dk **