2
   21    0    0
4.47385919E+07
7.84746953E+06
1.81845148E+06
4.92160052E+05
1.50183486E+05
5.03830604E+04
1.82783592E+04
7.07947323E+03
2.89756257E+03
1.24246788E+03
5.53880248E+02
2.53316236E+02
1.09014545E+02
5.37405939E+01
2.64745385E+01
1.13185663E+01
5.60695039E+00
2.03797049E+00
8.97637569E-01
1.70387417E-01
6.30363231E-02
   15    0    0
1.52811632E+05
2.31102862E+04
5.48315297E+03
1.69249982E+03
6.16342890E+02
2.50226953E+02
1.08979898E+02
4.96529293E+01
2.24311921E+01
1.04552603E+01
4.93647170E+00
2.08406173E+00
8.38431026E-01
1.88292155E-01
5.50115276E-02
   11    0    0
1.21604575E+03
3.49566731E+02
1.31845522E+02
5.62844092E+01
2.57312214E+01
1.20908676E+01
5.75825571E+00
2.61040238E+00
1.12466116E+00
4.51079303E-01
1.50882920E-01



** Available from the Dirac web site, http://dirac.chem.sdu.dk **