3
   28    0    0
7.88285108E+07
2.01322180E+07
6.44319731E+06
2.25305646E+06
8.45791027E+05
3.34289156E+05
1.38370938E+05
5.96330036E+04
2.66599861E+04
1.23197689E+04
5.86611244E+03
2.86966766E+03
1.43848567E+03
7.37122965E+02
3.85011377E+02
2.03678183E+02
1.05919921E+02
5.73915158E+01
3.11997725E+01
1.66317520E+01
9.24803137E+00
5.12394788E+00
2.71488961E+00
1.39886979E+00
6.95707144E-01
2.27003236E-01
1.03070733E-01
4.47969655E-02
   21    0    0
5.01267710E+06
7.52883982E+05
1.60155878E+05
4.20058700E+04
1.29911106E+04
4.61064689E+03
1.82802263E+03
7.89139916E+02
3.63625555E+02
1.75951911E+02
8.82062597E+01
4.53208370E+01
2.33618738E+01
1.20350914E+01
6.27461084E+00
3.12494860E+00
1.52201368E+00
7.03356107E-01
2.45233343E-01
9.37972784E-02
3.48547075E-02
   15    0    0
5.53599087E+03
1.49981056E+03
5.51929048E+02
2.37010093E+02
1.11525514E+02
5.55864522E+01
2.87852136E+01
1.51563641E+01
8.08391902E+00
4.28620339E+00
2.21331674E+00
1.10382616E+00
5.30206236E-01
2.39763470E-01
8.86616184E-02
    1    0    0
2.66497420E-01



** Available from the Dirac web site, http://dirac.chem.sdu.dk **