4
   33    0    0
8.15588245E+07
2.16045574E+07
7.33477450E+06
2.75473708E+06
1.11752317E+06
4.75031204E+05
2.10031399E+05
9.58683237E+04
4.50823159E+04
2.18110960E+04
1.08447170E+04
5.53038708E+03
2.88744113E+03
1.54276410E+03
8.45133951E+02
4.76109691E+02
2.75869671E+02
1.63645634E+02
9.98331809E+01
6.17344602E+01
3.89196819E+01
2.49764133E+01
1.54309278E+01
1.01226513E+01
6.35325824E+00
3.83725065E+00
2.20812109E+00
1.23484177E+00
6.64108187E-01
2.82023340E-01
1.46951339E-01
7.27042078E-02
3.51420024E-02
   27    0    0
4.14285261E+07
9.10703479E+06
2.39835192E+06
7.12827356E+05
2.32812540E+05
8.24543567E+04
3.14156932E+04
1.28026580E+04
5.56784261E+03
2.56979056E+03
1.24621086E+03
6.29312238E+02
3.28629638E+02
1.76154495E+02
9.62510513E+01
5.33583798E+01
2.96794314E+01
1.63502866E+01
9.11368009E+00
5.07673330E+00
2.75164607E+00
1.44337869E+00
7.33302406E-01
3.38865368E-01
1.48397466E-01
6.35997650E-02
2.69840652E-02
   18    0    0
1.62905241E+04
4.17442205E+03
1.48416435E+03
6.22726937E+02
2.89889986E+02
1.44741769E+02
7.56912295E+01
4.09825860E+01
2.26442772E+01
1.26477037E+01
7.12674685E+00
3.98695627E+00
2.17753145E+00
1.16612944E+00
6.22156071E-01
3.41625730E-01
1.84820517E-01
7.26727498E-02
    2    0    0
4.00472350E-01
1.70975610E-01
    1    0    0
3.42676730E-01



** Available from the Dirac web site, http://dirac.chem.sdu.dk **