20
  81720710.22745278      0
  18160157.828322843      0
  6053385.942774281         1
  2017795.3142580937         2
  672598.4380860312         2
  224199.4793620104         2
  74733.1597873368         2
  24911.0532624456         2
  8303.6844208152         2
  2767.8948069384         3
  922.6316023128         3
  307.5438674376         3
  102.5146224792         4
  34.1715408264         4
  11.3905136088         4
  3.7968378695999996         5
  1.2656126231999998         5
  0.42187087439999993         4
  0.14062362479999999         2
  0.04687454159999999         2
