20
  81720710.22745278      2
  18160157.828322843      2
  6053385.942774281         2
  2017795.3142580937         2
  672598.4380860312         2
  224199.4793620104         2
  74733.1597873368         2
  24911.0532624456         2
  8303.6844208152         2
  2767.8948069384         4
  922.6316023128         4
  307.5438674376         4
  102.5146224792         4
  34.1715408264         4
  11.3905136088         4
  3.7968378695999996         4
  1.2656126231999998         4
  0.42187087439999993         4
  0.14062362479999999         2
  0.04687454159999999         2
