20
  81720710.22745278      0
  18160157.828322843      0
  6053385.942774281         2
  2017795.3142580937         3
  672598.4380860312         3
  224199.4793620104         3
  74733.1597873368         3
  24911.0532624456         3
  8303.6844208152         3
  2767.8948069384         4
  922.6316023128         4
  307.5438674376         4
  102.5146224792         5
  34.1715408264         5
  11.3905136088         5
  3.7968378695999996         6
  1.2656126231999998         6
  0.42187087439999993         5
  0.14062362479999999         3
  0.04687454159999999         3
