31
  100662311.59349576      2
  25165577.89837394      2
  12582788.94918697         2
  6291394.474593485         2
  3145697.2372967424         2
  1572848.6186483712         2
  786424.3093241856         2
  393212.1546620928         2
  196606.0773310464         2
  98303.0386655232         2
  49151.5193327616         2
  24575.7596663808         2
  12287.8798331904         2
  6143.9399165952         4
  3071.9699582976         4
  1535.9849791488         4
  767.9924895744         4
  383.9962447872         4
  191.9981223936         4
  95.9990611968         4
  47.9995305984         4
  23.9997652992         4
  11.9998826496         4
  5.9999413248         4
  2.9999706624         4
  1.4999853312         4
  0.7499926656         4
  0.3749963328         4
  0.1874981664         4
  0.0937490832         2
  0.0468745416         2
