20
  61865410.321170986      0
  13747868.96026022      0
  4582622.986753407         3
  1527540.995584469         3
  509180.3318614897         3
  169726.77728716322         3
  56575.592429054406         3
  18858.530809684802         4
  6286.176936561601         4
  2095.3923121872003         4
  698.4641040624001         4
  232.82136802080004         5
  77.60712267360002         5
  25.869040891200004         5
  8.623013630400001         7
  2.8743378768000003         7
  0.9581126256000001         6
  0.3193708752         5
  0.10645695840000001         3
  0.0354856528         3
