20
  40988087.881401986      0
  9108463.973644886      0
  3036154.6578816287         3
  1012051.5526272096         3
  337350.5175424032         3
  112450.17251413439         3
  37483.3908380448         4
  12494.463612681599         4
  4164.8212042272         4
  1388.2737347424         4
  462.7579115808         5
  154.2526371936         5
  51.4175457312         5
  17.1391819104         7
  5.713060636800001         8
  1.9043535456000003         8
  0.6347845152000001         7
  0.21159483840000004         5
  0.07053161280000002         3
  0.023510537600000006         3
