20
  40988087.881401986      0
  9108463.973644886      0
  3036154.6578816287         2
  1012051.5526272096         2
  337350.5175424032         2
  112450.17251413439         2
  37483.3908380448         3
  12494.463612681599         3
  4164.8212042272         3
  1388.2737347424         3
  462.7579115808         4
  154.2526371936         4
  51.4175457312         4
  17.1391819104         6
  5.713060636800001         7
  1.9043535456000003         7
  0.6347845152000001         6
  0.21159483840000004         4
  0.07053161280000002         2
  0.023510537600000006         2
