29
  73205081.52414209      2
  18301270.38103552      2
  9150635.19051776         2
  4575317.59525888         2
  2287658.79762944         2
  1143829.39881472         2
  571914.69940736         2
  285957.34970368         2
  142978.67485184         2
  71489.33742592         2
  35744.66871296         2
  17872.33435648         2
  8936.16717824         2
  4468.08358912         2
  2234.04179456         2
  1117.02089728         2
  558.51044864         2
  279.25522432         2
  139.62761216         2
  69.81380608         2
  34.90690304         2
  17.45345152         2
  8.72672576         2
  4.36336288         2
  2.18168144         2
  1.09084072         2
  0.54542036         2
  0.27271018         2
  0.13635509         2
