19
  50763780.39978905      0
  11280840.088842012      0
  3760280.029614004         3
  1253426.6765380013         3
  417808.8921793338         3
  139269.6307264446         3
  46423.2102421482         3
  15474.403414049399         3
  5158.134471349799         4
  1719.3781571165998         4
  573.1260523722         4
  191.0420174574         4
  63.680672485799995         4
  21.2268908286         4
  7.075630276199999         4
  2.3585434253999997         4
  0.7861811417999999         4
  0.2620603806      5
  0.0873534602         3