18
  26413377.822719507      0
  5869639.516159891      0
  1956546.5053866303         1
  652182.1684622101         1
  217394.05615407004         2
  72464.68538469002         2
  24154.895128230008         2
  8051.631709410002         2
  2683.8772364700008         3
  894.6257454900002         3
  298.20858183000007         3
  99.40286061000002         3
  33.134286870000004         3
  11.044762290000001         3
  3.6815874300000004         3
  1.2271958100000002         3
  0.4090652700000001         3
  0.13635509000000004         2
