18
  26413377.822719507      2
  5869639.516159891      2
  1956546.5053866303         2
  652182.1684622101         2
  217394.05615407004         2
  72464.68538469002         2
  24154.895128230008         2
  8051.631709410002         2
  2683.8772364700008         2
  894.6257454900002         2
  298.20858183000007         2
  99.40286061000002         2
  33.134286870000004         2
  11.044762290000001         2
  3.6815874300000004         2
  1.2271958100000002         2
  0.4090652700000001         2
  0.13635509000000004         2
