18
  26413377.822719507      0
  5869639.516159891      0
  1956546.5053866303         2
  652182.1684622101         2
  217394.05615407004         3
  72464.68538469002         3
  24154.895128230008         3
  8051.631709410002         3
  2683.8772364700008         4
  894.6257454900002         4
  298.20858183000007         4
  99.40286061000002         4
  33.134286870000004         4
  11.044762290000001         4
  3.6815874300000004         4
  1.2271958100000002         4
  0.4090652700000001         4
  0.13635509000000004         3
