20
  117659272.50452745      0
  26146505.0010061      0
  8715501.667002033         3
  2905167.222334011         3
  968389.074111337         3
  322796.35803711234         3
  107598.78601237078         3
  35866.26200412359         4
  11955.420668041197         4
  3985.140222680399         4
  1328.3800742267997         4
  442.7933580755999         4
  147.59778602519995         4
  49.199262008399984         4
  16.399754002799995         4
  5.4665846675999985         4
  1.8221948891999995         4
  0.6073982963999999      6
  0.20246609879999997         4
  0.0674886996         3