20
  117659272.50452745      0
  26146505.0010061      0
  8715501.667002033         2
  2905167.222334011         2
  968389.074111337         2
  322796.35803711234         2
  107598.78601237078         2
  35866.26200412359         3
  11955.420668041197         3
  3985.140222680399         3
  1328.3800742267997         3
  442.7933580755999         3
  147.59778602519995         3
  49.199262008399984         3
  16.399754002799995         3
  5.4665846675999985         3
  1.8221948891999995         3
  0.6073982963999999      6
  0.20246609879999997         3
  0.0674886996         2