2
10 0 0   
   6665.0000000                     
   1000.0000000                     
    228.0000000                     
     64.7100000                     
     21.0600000                     
      7.4950000                     
      2.7970000                     
      0.5215000                     
      0.1596000                     
      0.0469000                     
5 0 0
      9.4390000              
      2.0020000              
      0.5456000              
      0.1517000              
      0.0404100              
2 0 0
      0.5500000              
      0.1510000              
