20
  105189217.66618918      0
  23375381.703597594      0
  7791793.901199198         3
  2597264.6337330663         4
  865754.877911022         4
  288584.959303674         4
  96194.986434558         4
  32064.995478186         4
  10688.331826062         5
  3562.777275354         5
  1187.592425118         5
  395.864141706         5
  131.954713902         5
  43.984904634         5
  14.661634878000001         5
  4.887211626         5
  1.629070542         5
  0.543023514      6
  0.181007838         3
  0.060335946         3