20
  105189217.66618918      0
  23375381.703597594      0
  7791793.901199198         2
  2597264.6337330663         3
  865754.877911022         3
  288584.959303674         3
  96194.986434558         3
  32064.995478186         3
  10688.331826062         4
  3562.777275354         4
  1187.592425118         4
  395.864141706         4
  131.954713902         4
  43.984904634         4
  14.661634878000001         4
  4.887211626         4
  1.629070542         4
  0.543023514      6
  0.181007838         2
  0.060335946         2