18
  30904826.420939103      0
  6867739.204653134      0
  2289246.4015510445         3
  763082.1338503482         3
  254360.7112834494         3
  84786.9037611498         4
  28262.301253716603         4
  9420.7670845722         4
  3140.2556948574         4
  1046.7518982858         5
  348.9172994286         5
  116.3057664762         5
  38.7685888254         5
  12.9228629418         5
  4.3076209806         5
  1.4358736602000002         4
  0.47862455340000004         4
  0.1595415178         3
