29
  85653200.16315024      2
  21413300.04078756      2
  10706650.02039378         2
  5353325.01019689         2
  2676662.505098445         2
  1338331.2525492224         2
  669165.6262746112         2
  334582.8131373056         2
  167291.4065686528         2
  83645.7032843264         4
  41822.8516421632         4
  20911.4258210816         4
  10455.7129105408         4
  5227.8564552704         4
  2613.9282276352         4
  1306.9641138176         4
  653.4820569088         4
  326.7410284544         4
  163.3705142272         4
  81.6852571136         4
  40.8426285568         4
  20.4213142784         4
  10.2106571392         4
  5.1053285696         4
  2.5526642848         4
  1.2763321424         4
  0.6381660712         4
  0.3190830356         2
  0.1595415178         2
