19
  55090586.71908808      0
  12242352.604241796      0
  4080784.201413932         3
  1360261.4004713106         3
  453420.4668237702         4
  151140.1556079234         4
  50380.0518693078         4
  16793.3506231026         4
  5597.7835410342         5
  1865.9278470114002         5
  621.9759490038001         5
  207.32531633460005         5
  69.10843877820001         5
  23.036146259400002         5
  7.6787154198000005         5
  2.5595718066         5
  0.8531906022000001         5
  0.28439686740000003         4
  0.09479895580000001         3
