18
  30904826.420939103      2
  6867739.204653134      2
  2289246.4015510445         2
  763082.1338503482         2
  254360.7112834494         2
  84786.9037611498         4
  28262.301253716603         4
  9420.7670845722         4
  3140.2556948574         4
  1046.7518982858         4
  348.9172994286         4
  116.3057664762         4
  38.7685888254         4
  12.9228629418         4
  4.3076209806         4
  1.4358736602000002         4
  0.47862455340000004         4
  0.1595415178         2
