4
   23    0    0
5.09417454E+07
8.15423112E+06
1.79983714E+06
4.77470371E+05
1.45128984E+05
4.89825079E+04
1.79771162E+04
7.06473127E+03
2.93857560E+03
1.28212016E+03
5.82455518E+02
2.73820181E+02
1.32415198E+02
6.49845610E+01
3.00096535E+01
1.51095766E+01
7.59353474E+00
3.46552824E+00
1.65392148E+00
7.48253345E-01
1.77577209E-01
7.91899313E-02
3.40256008E-02
   16    0    0
4.12190993E+04
6.94990484E+03
1.86766622E+03
6.34433298E+02
2.47633882E+02
1.05929234E+02
4.81923359E+01
2.27674802E+01
1.10135094E+01
5.27315103E+00
2.54478781E+00
1.21436253E+00
5.65600768E-01
1.86895927E-01
7.13293631E-02
2.75481037E-02
    9    0    0
2.48391727E+02
7.34357337E+01
2.77626216E+01
1.16429265E+01
5.18245777E+00
2.31711702E+00
1.00360891E+00
4.10650744E-01
1.52114902E-01
    3    0    0
4.92057615E+00
1.30336632E+00
3.45236760E-01
    2    0    0
2.92463832E+00
7.74680642E-01



** Available from the Dirac web site, http://dirac.chem.sdu.dk **