3
   15    0    0
1.82911991E+06
2.20714124E+05
4.32667681E+04
1.09828082E+04
3.29530185E+03
1.11336562E+03
4.11380359E+02
1.63316080E+02
6.81355257E+01
2.18420147E+01
9.15694845E+00
2.57067226E+00
1.01489878E+00
1.32809399E-01
4.79211720E-02
   11    0    0
3.25834127E+03
6.88385050E+02
2.09223050E+02
7.56662322E+01
3.00208212E+01
1.25096660E+01
5.00810415E+00
2.07537752E+00
8.10989742E-01
1.52252236E-01
4.39880648E-02
    6    0    0
7.09375498E+01
2.03413813E+01
7.12580302E+00
2.63619982E+00
9.24713618E-01
2.83677235E-01
    2    0    0
2.53914356E+00
3.98353350E-01



** Available from the Dirac web site, http://dirac.chem.sdu.dk **