5
   30    0    0
1.13133295E+08
2.84821113E+07
8.94684600E+06
3.08653159E+06
1.15203336E+06
4.56858271E+05
1.90835410E+05
8.32295369E+04
3.76650765E+04
1.76244611E+04
8.51192378E+03
4.23135321E+03
2.15795338E+03
1.12575248E+03
5.98957771E+02
3.23793780E+02
1.77116095E+02
9.76266012E+01
5.38794371E+01
2.89134685E+01
1.59504975E+01
8.84531811E+00
4.83975704E+00
2.55612549E+00
1.32636300E+00
6.65424637E-01
2.33270509E-01
1.21209696E-01
5.80965648E-02
2.76061546E-02
   20    0    0
5.50909017E+05
8.13761782E+04
1.84726900E+04
5.45698898E+03
1.93233270E+03
7.74863788E+02
3.39200223E+02
1.58326146E+02
7.75906926E+01
3.93291889E+01
2.04061853E+01
1.07536737E+01
5.62521016E+00
2.87959990E+00
1.43682299E+00
6.94517675E-01
2.81163223E-01
1.23027553E-01
5.30432841E-02
2.28110071E-02
   12    0    0
7.82426697E+02
2.29144402E+02
8.77117128E+01
3.83956652E+01
1.80150010E+01
8.85897895E+00
4.46691185E+00
2.24563246E+00
1.10680795E+00
5.28838308E-01
2.41510581E-01
1.02363788E-01
    4    0    0
7.80443011E+00
2.51508374E+00
7.91667774E-01
2.49191649E-01
    3    0    0
5.23943362E+00
1.52870080E+00
4.46026478E-01
    2    0    0
3.43477379E+00
1.00215821E+00



** Available from the Dirac web site, http://dirac.chem.sdu.dk **