4
   28    0    0
8.30767525E+07
2.00104183E+07
5.98814705E+06
1.96971653E+06
7.00780182E+05
2.65151028E+05
1.05936238E+05
4.43771861E+04
1.93872529E+04
8.79256882E+03
4.12370810E+03
1.99321611E+03
9.89750313E+02
5.03361828E+02
2.61232463E+02
1.37268878E+02
7.04786621E+01
3.78372507E+01
2.03604260E+01
1.06855208E+01
5.69265584E+00
3.02816657E+00
1.45575066E+00
7.41153959E-01
3.54293603E-01
9.81041128E-02
4.79281562E-02
2.21201747E-02
   20    0    0
7.09001198E+05
1.03607226E+05
2.28531763E+04
6.52149984E+03
2.23921398E+03
8.75121154E+02
3.74751737E+02
1.71557231E+02
8.22567032E+01
4.07975585E+01
2.05605013E+01
1.05399819E+01
5.44003972E+00
2.83566379E+00
1.42558496E+00
6.97381825E-01
3.30336506E-01
1.16647495E-01
4.90147042E-02
2.03587350E-02
   13    0    0
1.57687774E+03
4.51473934E+02
1.70954700E+02
7.41335166E+01
3.46446207E+01
1.69558350E+01
8.42052768E+00
4.19974229E+00
2.05263858E+00
9.33490109E-01
4.02048782E-01
1.63342997E-01
6.12639417E-02
    3    0    0
1.01820860E+00
2.91833210E-01
9.72777400E-02
    2    0    0
5.33556320E-01
1.77852100E-01



** Available from the Dirac web site, http://dirac.chem.sdu.dk **