5
   33    0    0
9.17834910E+07
2.45520647E+07
8.50711756E+06
3.30491081E+06
1.41404384E+06
6.38703773E+05
2.95737230E+05
1.38064612E+05
6.53275238E+04
3.15010847E+04
1.55181187E+04
7.80782634E+03
4.00604611E+03
2.09113132E+03
1.10821116E+03
5.95534910E+02
3.24222045E+02
1.78410289E+02
9.88010847E+01
5.47888627E+01
3.08072927E+01
1.72837742E+01
9.41934334E+00
5.29584485E+00
2.97987320E+00
1.61633465E+00
8.78927875E-01
4.73724928E-01
2.48056494E-01
1.20933198E-01
6.05408902E-02
3.17265366E-02
1.70744561E-02
   25    0    0
7.20053149E+06
1.10342579E+06
2.37776084E+05
6.28086721E+04
1.94339115E+04
6.87052910E+03
2.71242149E+03
1.16824435E+03
5.38139705E+02
2.61266891E+02
1.32081517E+02
6.87545659E+01
3.66216071E+01
1.96732657E+01
1.06470485E+01
5.81394180E+00
3.21745455E+00
1.76787396E+00
9.49434243E-01
5.07923154E-01
2.68393083E-01
1.27579823E-01
6.24111220E-02
3.05697444E-02
1.48693879E-02
   17    0    0
6.51052159E+03
1.75735289E+03
6.46980817E+02
2.78015101E+02
1.31667518E+02
6.63098684E+01
3.48068136E+01
1.88072472E+01
1.02736565E+01
5.63503439E+00
3.07910262E+00
1.64555685E+00
8.45857954E-01
4.20175745E-01
2.01929231E-01
9.34711011E-02
4.10301204E-02
    4    0    0
1.52701315E+00
5.37430649E-01
1.91072117E-01
6.36907100E-02
    4    0    0
1.60147040E+00
9.51410503E-01
2.88657174E-01
9.62190600E-02
    2    0    0
6.24395997E-01
2.08132010E-01



** Available from the Dirac web site, http://dirac.chem.sdu.dk **