3
   21    0    0
3.75878601E+07
5.87797865E+06
1.27031186E+06
3.30099485E+05
9.83524153E+04
3.25713585E+04
1.17439194E+04
4.53964221E+03
1.85903130E+03
7.98781914E+02
3.57161560E+02
1.63730199E+02
6.90587683E+01
3.38223133E+01
1.65292999E+01
6.94367647E+00
3.27730375E+00
1.02475501E+00
4.43062316E-01
7.33718011E-02
2.94903608E-02
   14    0    0
2.73329804E+04
4.69730148E+03
1.27334189E+03
4.32069799E+02
1.67419731E+02
7.02724192E+01
3.09462199E+01
1.34448574E+01
6.07422990E+00
2.78865734E+00
1.10651536E+00
4.36702129E-01
9.49875377E-02
3.14810912E-02
   10    0    0
5.54435959E+02
1.62392007E+02
6.11852315E+01
2.58277942E+01
1.14795285E+01
5.16345120E+00
2.28354886E+00
8.75540311E-01
3.11593617E-01
9.81660004E-02
    2    0    0
5.49721600E-01
1.18902490E-01



** Available from the Dirac web site, http://dirac.chem.sdu.dk **