2
10 0    
   9046.0000000                    
   1357.0000000                    
    309.3000000                    
     87.7300000                    
     28.5600000                    
     10.2100000                    
      3.8380000                    
      0.7466000                    
      0.2248000                    
      0.0612400                    
5 0 0
     13.5500000              
      2.9170000              
      0.7973000              
      0.2185000              
      0.0561100              
2 0 0
      0.8170000              
      0.2300000              
