29
  105414261.69180323      2
  26353565.422950808      2
  13176782.711475404         2
  6588391.355737702         2
  3294195.677868851         2
  1647097.8389344255         2
  823548.9194672127         2
  411774.4597336064         2
  205887.2298668032         2
  102943.6149334016         2
  51471.8074667008         2
  25735.9037333504         2
  12867.9518666752         2
  6433.9759333376         2
  3216.9879666688         2
  1608.4939833344         2
  804.2469916672         2
  402.1234958336         2
  201.0617479168         2
  100.5308739584         2
  50.2654369792         2
  25.1327184896         2
  12.5663592448         2
  6.2831796224         2
  3.1415898112         2
  1.5707949056         2
  0.7853974528         2
  0.3926987264         2
  0.1963493632         2
