19
  53971728.27940714      0
  11993717.395423809      0
  3997905.798474603         2
  1332635.266158201         2
  444211.75538606703         2
  148070.585128689         2
  49356.861709563         2
  16452.287236521002         3
  5484.095745507001         3
  1828.0319151690003         3
  609.3439717230001         3
  203.11465724100003         3
  67.704885747         3
  22.568295249000002         3
  7.522765083         3
  2.5075883610000003         3
  0.835862787      6
  0.278620929         3
  0.092873643         2