19
  53971728.27940714      0
  11993717.395423809      0
  3997905.798474603         3
  1332635.266158201         3
  444211.75538606703         3
  148070.585128689         3
  49356.861709563         3
  16452.287236521002         4
  5484.095745507001         4
  1828.0319151690003         4
  609.3439717230001         4
  203.11465724100003         4
  67.704885747         4
  22.568295249000002         4
  7.522765083         4
  2.5075883610000003         4
  0.835862787      6
  0.278620929         4
  0.092873643         3