18
  38034883.1528913      2
  8452196.256198067      2
  2817398.7520660223         2
  939132.9173553408         2
  313044.3057851136         2
  104348.1019283712         2
  34782.7006427904         2
  11594.2335475968         2
  3864.7445158655996         2
  1288.2481719552         2
  429.41605731839996         2
  143.1386857728         2
  47.712895257599996         2
  15.904298419199998         2
  5.301432806399999         2
  1.7671442687999999         2
  0.5890480896         2
  0.1963493632         2
