18
  38034883.1528913      0
  8452196.256198067      0
  2817398.7520660223         1
  939132.9173553408         1
  313044.3057851136         2
  104348.1019283712         2
  34782.7006427904         2
  11594.2335475968         2
  3864.7445158655996         2
  1288.2481719552         3
  429.41605731839996         3
  143.1386857728         3
  47.712895257599996         3
  15.904298419199998         3
  5.301432806399999         3
  1.7671442687999999         3
  0.5890480896         3
  0.1963493632         2
