19
  72761705.9499271      0
  16169267.98887269      0
  5389755.996290897         3
  1796585.3320969658         3
  598861.7773656553         3
  199620.59245521843         3
  66540.19748507281         3
  22180.065828357605         3
  7393.355276119201         4
  2464.4517587064006         4
  821.4839195688002         4
  273.8279731896001         4
  91.27599106320002         4
  30.425330354400007         4
  10.141776784800003         4
  3.380592261600001         4
  1.1268640872000002         4
  0.37562136240000005      5
  0.12520712080000002         3