18
  38034883.1528913      0
  8452196.256198067      0
  2817398.7520660223         2
  939132.9173553408         2
  313044.3057851136         3
  104348.1019283712         3
  34782.7006427904         3
  11594.2335475968         3
  3864.7445158655996         3
  1288.2481719552         4
  429.41605731839996         4
  143.1386857728         4
  47.712895257599996         4
  15.904298419199998         4
  5.301432806399999         4
  1.7671442687999999         4
  0.5890480896         4
  0.1963493632         3
