21
  163515.9191322624      2
  40878.9797830656      2
  20439.4898915328         2
  10219.7449457664         2
  5109.8724728832         2
  2554.9362364416         2
  1277.4681182208         2
  638.7340591104         2
  319.3670295552         2
  159.6835147776         2
  79.8417573888         2
  39.9208786944         2
  19.9604393472         2
  9.9802196736         2
  4.9901098368         2
  2.4950549184         2
  1.2475274592         2
  0.6237637296         2
  0.3118818648         2
  0.1559409324         2
  0.0779704662         2
