19
  22645955.58877398      0
  5032434.575283107      0
  1677478.1917610357         1
  559159.3972536785         1
  186386.46575122618         1
  62128.821917075395         1
  20709.6073056918         1
  6903.2024352306         1
  2301.0674784102         2
  767.0224928033999         2
  255.67416426779997         2
  85.22472142259998         2
  28.408240474199996         2
  9.4694134914         5
  3.1564711637999996         5
  1.0521570545999999         5
  0.35071901819999995         3
  0.11690633939999999         2
  0.0389687798         2
