19
  22645955.58877398      0
  5032434.575283107      0
  1677478.1917610357         2
  559159.3972536785         2
  186386.46575122618         2
  62128.821917075395         2
  20709.6073056918         2
  6903.2024352306         2
  2301.0674784102         3
  767.0224928033999         3
  255.67416426779997         3
  85.22472142259998         3
  28.408240474199996         3
  9.4694134914         6
  3.1564711637999996         6
  1.0521570545999999         6
  0.35071901819999995         4
  0.11690633939999999         3
  0.0389687798         3
