1
14
2.3110955E+05 
3.2564803E+04 
7.1476459E+03 
1.9754117E+03 
6.3291430E+02 
2.2527218E+02 
8.6770871E+01 
3.5473981E+01 
1.5176444E+01 
6.7169055E+00 
2.9733406E+00 
1.1856234E+00 
4.7429434E-01 
1.8647090E-01 
8
1.9430165E+02 
4.5531279E+01 
1.4377797E+01 
5.2356898E+00 
2.0719442E+00 
8.3715232E-01 
3.3223982E-01 
1.2639902E-01 
3
2.2379873E+00
6.4328499E-01
3.8203526E+01
1
1.4071584E+00
#Extracted from:
#K.G. Dyall, Theor. Chem. Acc. (2016) 135:128
#https://doi.org/10.5281/zenodo.7574628
