1
18
2.8211019E+06 
3.7080236E+05 
7.7825269E+04 
2.0849999E+04 
6.5303065E+03 
2.2847526E+03 
8.6915839E+02 
3.5328144E+02 
1.5156075E+02 
6.7963644E+01 
3.1582533E+01 
1.5116122E+01 
7.4125225E+00 
3.6563959E+00 
1.6031172E+00 
7.3522335E-01 
3.3191749E-01 
1.4686713E-01 
10
5.5655665E+02 
1.2874305E+02 
4.1185566E+01 
1.5381691E+01 
6.2953491E+00 
2.7438329E+00 
1.2277751E+00 
5.4697467E-01 
2.3942702E-01 
1.0089533E-01 
5
3.8411202E+00   
1.3447598E+00   
4.6496928E-01 
8.3111692E+01   
2.3970117E+01 
4
2.5411471E+00   
8.3630288E-01   
1.8237162E+00 
5.1077420E+01
#Extracted from:
#K.G. Dyall, Theor. Chem. Acc. (2016) 135:128
#https://doi.org/10.5281/zenodo.7574628
