4
   18    0    0
2.82110194E+06
3.70802358E+05
7.78252693E+04
2.08499989E+04
6.53030648E+03
2.28475263E+03
8.69158390E+02
3.53281438E+02
1.51560748E+02
6.79636443E+01
3.15825334E+01
1.51161224E+01
7.41252254E+00
3.65639590E+00
1.60311717E+00
7.35223345E-01
3.31917485E-01
1.46867134E-01
   10    0    0
5.56556652E+02
1.28743045E+02
4.11855656E+01
1.53816912E+01
6.29534915E+00
2.74383290E+00
1.22777515E+00
5.46974669E-01
2.39427019E-01
1.00895329E-01
    3    0    0
3.84112015E+00
1.34475982E+00
4.64969282E-01
    2    0    0
2.54114713E+00
8.36302879E-01
    1    0    0
1.82371624E+00



** Available from the Dirac web site, http://dirac.chem.sdu.dk **