3
   14    0    0
2.31109552E+05
3.25648035E+04
7.14764591E+03
1.97541170E+03
6.32914299E+02
2.25272175E+02
8.67708707E+01
3.54739807E+01
1.51764440E+01
6.71690551E+00
2.97334060E+00
1.18562343E+00
4.74294339E-01
1.86470896E-01
    8    0    0
1.94301648E+02
4.55312788E+01
1.43777974E+01
5.23568979E+00
2.07194422E+00
8.37152324E-01
3.32239815E-01
1.26399016E-01
    2    0    0
2.23798726E+00
6.43284985E-01
    1    0    0
1.40715844E+00



** Available from the Dirac web site, http://dirac.chem.sdu.dk **