2
   21    0    0
4.63134065E+07
8.36845994E+06
1.97735147E+06
5.41778775E+05
1.66635891E+05
5.61734474E+04
2.04366457E+04
7.92710090E+03
3.24642723E+03
1.39205923E+03
6.20277009E+02
2.83575206E+02
1.23269536E+02
6.08236360E+01
2.99592243E+01
1.27965036E+01
6.39705264E+00
2.40357154E+00
1.09988836E+00
2.44704564E-01
9.36768848E-02
   15    0    0
2.00137952E+05
2.98583849E+04
6.93385476E+03
2.09933878E+03
7.53837270E+02
3.03065872E+02
1.31189362E+02
5.96180158E+01
2.72946125E+01
1.27429080E+01
6.07654083E+00
2.54816358E+00
1.06056905E+00
2.62801937E-01
8.28808970E-02
   11    0    0
1.49993943E+03
4.28185737E+02
1.61218619E+02
6.89311912E+01
3.16808458E+01
1.50116370E+01
7.24046742E+00
3.35932073E+00
1.49989506E+00
6.31672285E-01
2.21234800E-01



** Available from the Dirac web site, http://dirac.chem.sdu.dk **