3
   28    0    0
7.75339381E+07
2.00285955E+07
6.51340658E+06
2.31641818E+06
8.83930931E+05
3.54360602E+05
1.48496438E+05
6.46579639E+04
2.91512222E+04
1.35642277E+04
6.49617816E+03
3.19380445E+03
1.60799487E+03
8.27184660E+02
4.33547136E+02
2.30085051E+02
1.20490009E+02
6.55880977E+01
3.58553371E+01
1.93639956E+01
1.08012259E+01
6.03108721E+00
3.25514803E+00
1.70084983E+00
8.70895719E-01
3.23290363E-01
1.50488113E-01
6.61020954E-02
   21    0    0
6.26309595E+06
9.54604330E+05
2.03869693E+05
5.33132624E+04
1.63403286E+04
5.72969244E+03
2.24533694E+03
9.59834078E+02
4.38783846E+02
2.11074464E+02
1.05356011E+02
5.40269005E+01
2.79252628E+01
1.43818063E+01
7.52036006E+00
3.78988192E+00
1.87515067E+00
8.92972699E-01
3.34499004E-01
1.36544503E-01
5.30225540E-02
   15    0    0
7.05315649E+03
1.88616736E+03
6.88872161E+02
2.94388368E+02
1.38310455E+02
6.89443168E+01
3.58037631E+01
1.89580022E+01
1.01889566E+01
5.47370762E+00
2.88147982E+00
1.47385029E+00
7.31984484E-01
3.43297470E-01
1.34929640E-01
    1    0    0
2.89884920E-01



** Available from the Dirac web site, http://dirac.chem.sdu.dk **