4
   33    0    0
7.96183736E+07
2.11770846E+07
7.24859422E+06
2.75776115E+06
1.14329604E+06
4.99844720E+05
2.27945882E+05
1.07192363E+05
5.17368532E+04
2.55332333E+04
1.28692474E+04
6.62033548E+03
3.47390862E+03
1.85796473E+03
1.01284262E+03
5.63772738E+02
3.21324445E+02
1.88100672E+02
1.14093315E+02
7.08796491E+01
4.44689041E+01
2.77199249E+01
1.72432481E+01
1.08915047E+01
7.01556281E+00
4.51396529E+00
2.78364080E+00
1.60957886E+00
8.89378396E-01
4.16431948E-01
2.23007258E-01
1.11345555E-01
5.35543852E-02
   27    0    0
4.46221985E+07
1.01575242E+07
2.73713577E+06
8.29076973E+05
2.74815689E+05
9.81812873E+04
3.74972535E+04
1.52932859E+04
6.63693278E+03
3.05255930E+03
1.47582981E+03
7.42560194E+02
3.86085028E+02
2.05997565E+02
1.12083771E+02
6.19960605E+01
3.45050581E+01
1.90776728E+01
1.06780077E+01
5.98157113E+00
3.27450729E+00
1.73958628E+00
9.00011195E-01
4.19048142E-01
1.98678088E-01
9.07208894E-02
4.01806964E-02
   18    0    0
2.02828772E+04
5.13345512E+03
1.80825272E+03
7.54321537E+02
3.49975947E+02
1.74617448E+02
9.14523329E+01
4.96621556E+01
2.75900582E+01
1.55087396E+01
8.80992657E+00
4.98159467E+00
2.75855835E+00
1.50373012E+00
8.18803797E-01
4.61537144E-01
2.61884581E-01
1.08787865E-01
    2    0    0
4.50108840E-01
1.76260620E-01
    1    0    0
3.82470610E-01



** Available from the Dirac web site, http://dirac.chem.sdu.dk **