5
   30    0    0
6.67481543E+07
1.76618859E+07
5.97553279E+06
2.23038529E+06
8.98515139E+05
3.78856616E+05
1.66038522E+05
7.50361026E+04
3.48822119E+04
1.66377926E+04
8.12879399E+03
4.06131902E+03
2.07165820E+03
1.07670086E+03
5.68322934E+02
3.02878886E+02
1.64768561E+02
9.10643629E+01
5.07987564E+01
2.81130453E+01
1.61007493E+01
9.07102196E+00
4.87870386E+00
2.61303107E+00
1.21159619E+00
6.19852496E-01
3.00599320E-01
8.02294024E-02
3.97666376E-02
1.90527946E-02
   24    0    0
1.78258083E+07
3.19943768E+06
7.37266209E+05
1.98437540E+05
6.01866531E+04
2.02319588E+04
7.48064516E+03
3.01549381E+03
1.30856986E+03
6.03106319E+02
2.91166407E+02
1.45761808E+02
7.49287599E+01
3.90638765E+01
2.09765512E+01
1.12143805E+01
5.84131830E+00
2.98261257E+00
1.39455779E+00
6.57943174E-01
2.99493274E-01
1.11686262E-01
4.70978476E-02
1.87977294E-02
   16    0    0
1.32073873E+04
3.39139345E+03
1.20259354E+03
5.03268515E+02
2.32595245E+02
1.14659959E+02
5.89220390E+01
3.10533252E+01
1.65963986E+01
8.77932048E+00
4.52639052E+00
2.25658788E+00
1.03908168E+00
4.21295871E-01
1.59386873E-01
5.56802785E-02
   11    0    0
3.74222503E+02
1.27720500E+02
5.41200949E+01
2.49879356E+01
1.21533532E+01
5.95456460E+00
2.86087915E+00
1.31601026E+00
5.62730188E-01
2.11907573E-01
7.97981351E-02
    3    0    0
9.89085990E+00
2.84056920E+00
2.92462250E-01
    2    0    0
6.14555270E+00
6.32740140E-01



** Available from the Dirac web site, http://dirac.chem.sdu.dk **