4
   24    0    0
5.92268980E+07
1.38893958E+07
4.02810159E+06
1.28042383E+06
4.39694823E+05
1.60436389E+05
6.17831078E+04
2.49458115E+04
1.05088743E+04
4.59805488E+03
2.08128743E+03
9.71178121E+02
4.64091487E+02
2.13337031E+02
1.06796876E+02
5.44866890E+01
2.61981866E+01
1.36100107E+01
5.94749542E+00
2.88587111E+00
8.60317940E-01
3.73093352E-01
6.12132672E-02
2.49707850E-02
   19    0    0
2.93657606E+06
4.27036348E+05
8.82731528E+04
2.26632973E+04
6.92304439E+03
2.43877465E+03
9.59443281E+02
4.09767174E+02
1.85594484E+02
8.74878264E+01
4.14995550E+01
2.05352129E+01
9.88886489E+00
4.79582521E+00
2.25438695E+00
8.55058631E-01
3.31090104E-01
6.94251536E-02
2.48319839E-02
   13    0    0
4.41762342E+03
1.19713972E+03
4.38950007E+02
1.86004830E+02
8.57907614E+01
4.13905464E+01
2.05480154E+01
1.00628977E+01
4.80713032E+00
2.18576873E+00
8.22579722E-01
2.79454494E-01
8.41332166E-02
    8    0    0
1.40247797E+02
4.70905730E+01
1.87101892E+01
7.93743190E+00
3.30519032E+00
1.27932814E+00
4.22639195E-01
1.19545942E-01
    2    0    0
5.40092920E+00
5.56074430E-01



** Available from the Dirac web site, http://dirac.chem.sdu.dk **