4
   26    0    0
5.46077619E+07
1.44554652E+07
4.87171655E+06
1.80151310E+06
7.17489493E+05
2.97596832E+05
1.27748856E+05
5.62480983E+04
2.53554187E+04
1.16709746E+04
5.48022559E+03
2.62314900E+03
1.27994132E+03
6.24664451E+02
3.17821302E+02
1.66161723E+02
8.47522410E+01
4.54602178E+01
2.18784723E+01
1.21248371E+01
5.39933134E+00
2.82624233E+00
9.92550863E-01
4.31197202E-01
7.41336822E-02
2.91631469E-02
   23    0    0
3.25228234E+07
7.56396785E+06
2.02348186E+06
5.95535703E+05
1.88841323E+05
6.38152695E+04
2.28880772E+04
8.71703503E+03
3.52986230E+03
1.51633208E+03
6.85477738E+02
3.23229068E+02
1.57215807E+02
7.93542187E+01
4.07436948E+01
2.04488324E+01
1.06448184E+01
5.07229376E+00
2.41607473E+00
9.00148063E-01
3.47188076E-01
8.23102986E-02
2.75530113E-02
   17    0    0
4.85901765E+04
1.15998222E+04
3.83116631E+03
1.51397294E+03
6.70134109E+02
3.20137851E+02
1.60917951E+02
8.37963732E+01
4.43046322E+01
2.32917152E+01
1.23677488E+01
6.39359936E+00
3.20538632E+00
1.49719399E+00
5.47179038E-01
1.85612723E-01
5.62708341E-02
   12    0    0
8.03337254E+02
2.70135676E+02
1.12823652E+02
5.18702872E+01
2.47540478E+01
1.19637949E+01
5.57627117E+00
2.47330443E+00
1.00132207E+00
3.46037817E-01
1.45588473E-01
6.04917430E-02
    2    0    0
2.97333640E+00
5.21963090E-01



** Available from the Dirac web site, http://dirac.chem.sdu.dk **