6
   37    0    0
5.49169296E+07
1.46143214E+07
4.98912094E+06
1.88985951E+06
7.85760198E+05
3.46707542E+05
1.61775616E+05
7.88442855E+04
4.01770396E+04
2.14162832E+04
1.21234028E+04
7.53258638E+03
5.25031519E+03
3.49559953E+03
2.16899452E+03
1.32014363E+03
8.02531089E+02
4.90430105E+02
3.00423782E+02
1.83618144E+02
1.11246840E+02
7.02008888E+01
4.35604887E+01
2.57646044E+01
1.72627794E+01
1.12133397E+01
7.04942843E+00
4.17623362E+00
2.44996903E+00
1.42516237E+00
8.62056543E-01
5.19674723E-01
2.91301893E-01
1.42157935E-01
7.18766140E-02
3.56797157E-02
1.78347861E-02
   34    0    0
7.79049068E+07
3.01204424E+07
1.17010118E+07
4.72811267E+06
1.97280327E+06
8.45466523E+05
3.71193226E+05
1.66985347E+05
7.69321129E+04
3.62671415E+04
1.74886993E+04
8.63713170E+03
4.37696655E+03
2.27855550E+03
1.21758432E+03
6.66871308E+02
3.74059897E+02
2.13907418E+02
1.24346584E+02
7.37473869E+01
4.37223164E+01
2.57535390E+01
1.54531189E+01
9.21028809E+00
5.37128585E+00
3.07922901E+00
1.71530971E+00
9.23720125E-01
4.87713911E-01
2.55175002E-01
1.26055212E-01
6.01736716E-02
2.82818300E-02
1.32347781E-02
   24    0    0
8.82401299E+05
2.02584486E+05
6.21430540E+04
2.25816520E+04
9.26683785E+03
4.17253031E+03
2.02087671E+03
1.03484298E+03
5.52242539E+02
3.04595132E+02
1.72122572E+02
9.91170512E+01
5.77575482E+01
3.37266089E+01
1.96478270E+01
1.14799255E+01
6.63297005E+00
3.72070366E+00
2.01976902E+00
1.04120850E+00
4.66816776E-01
1.98457941E-01
8.06939334E-02
3.11329602E-02
   16    0    0
2.66399427E+03
8.81149210E+02
3.70369212E+02
1.76221297E+02
8.95298011E+01
4.75160719E+01
2.56465422E+01
1.39791077E+01
7.55927231E+00
3.96481894E+00
2.00429477E+00
9.62013301E-01
4.30241644E-01
1.70316003E-01
1.17753060E-01
4.89261820E-02
    6    0    0
6.65382840E+00
2.68787180E+00
1.00296380E+00
5.03173860E-01
1.56214670E-01
6.49069100E-02
    4    0    0
4.92981330E+00
1.87148370E+00
2.55228830E-01
1.06047110E-01
    2    0    0
3.75397750E+00
6.59003000E-01



** Available from the Dirac web site, http://dirac.chem.sdu.dk **