5
   33    0    0
5.48873323E+07
1.46044379E+07
4.98394027E+06
1.88698369E+06
7.84491641E+05
3.46468753E+05
1.62126777E+05
7.93981200E+04
4.05938801E+04
2.14668298E+04
1.16627323E+04
6.45856091E+03
3.63185407E+03
2.06805122E+03
1.19381419E+03
7.01114574E+02
4.24816004E+02
2.63492077E+02
1.63822640E+02
1.00044584E+02
6.18187843E+01
3.74881649E+01
2.13742015E+01
1.29684859E+01
7.64343684E+00
4.40214168E+00
2.47506410E+00
1.27415370E+00
6.63889738E-01
3.30301814E-01
1.00881206E-01
4.76791773E-02
2.19728032E-02
   29    0    0
5.86293757E+07
1.87554746E+07
6.31728966E+06
2.25323744E+06
8.41053933E+05
3.26369525E+05
1.31099681E+05
5.44060210E+04
2.33230435E+04
1.03436466E+04
4.75490441E+03
2.26728751E+03
1.11906032E+03
5.69550891E+02
2.97497535E+02
1.58338900E+02
8.58127745E+01
4.69507489E+01
2.52853406E+01
1.39377003E+01
7.51983603E+00
3.99481299E+00
2.03027712E+00
1.01246038E+00
4.87549345E-01
2.32490335E-01
8.84216941E-02
3.80908442E-02
1.60535688E-02
   20    0    0
1.46342341E+05
3.41105485E+04
1.08908115E+04
4.15693724E+03
1.79279625E+03
8.43003214E+02
4.21658138E+02
2.20867863E+02
1.19314986E+02
6.60078792E+01
3.67967022E+01
2.03892264E+01
1.13745767E+01
6.24355628E+00
3.31170925E+00
1.67203439E+00
7.63749615E-01
3.08422557E-01
1.15143538E-01
3.99465136E-02
   13    0    0
1.46685716E+03
4.90270512E+02
2.07018463E+02
9.72424370E+01
4.85640434E+01
2.48300936E+01
1.28324136E+01
6.52959812E+00
3.19161837E+00
1.47544849E+00
6.28162483E-01
2.33232627E-01
6.04917430E-02
    4    0    0
4.83592810E+00
1.58608290E+00
2.09461720E-01
8.70309620E-02
    2    0    0
3.37223790E+00
5.91989400E-01



** Available from the Dirac web site, http://dirac.chem.sdu.dk **