20
  87230942.91129203      0
  19384653.980287116      0
  6461551.326762372         3
  2153850.4422541237         3
  717950.1474180412         3
  239316.71580601376         3
  79772.23860200458         3
  26590.746200668193         3
  8863.582066889398         4
  2954.5273556297993         4
  984.8424518765997         5
  328.2808172921999         5
  109.42693909739997         5
  36.47564636579999         5
  12.158548788599996         5
  4.052849596199999         5
  1.3509498653999996         6
  0.45031662179999987         6
  0.15010554059999995         3
  0.05003518019999998         3
