19
  43430317.91566324      0
  9651181.759036275      0
  3217060.586345425         3
  1072353.5287818082         3
  357451.1762606027         3
  119150.39208686758         3
  39716.797362289195         3
  13238.932454096399         3
  4412.977484698799         4
  1470.9924948995997         4
  490.3308316331999         5
  163.44361054439997         5
  54.481203514799994         5
  18.160401171599997         5
  6.053467057199999         5
  2.0178223523999996         5
  0.6726074507999998         5
  0.22420248359999995         3
  0.07473416119999998         3
