20
  57026364.45721004      0
  12672525.434935564      0
  4224175.144978521         2
  1408058.381659507         2
  469352.79388650233         2
  156450.93129550078         2
  52150.31043183359         3
  17383.436810611198         3
  5794.4789368704         3
  1931.4929789567998         4
  643.8309929855999         4
  214.61033099519997         4
  71.53677699839999         4
  23.845592332799995         4
  7.9485307775999985         4
  2.6495102591999995         5
  0.8831700863999998         6
  0.2943900287999999         4
  0.09813000959999997         2
  0.03271000319999999         2
