19
  43430317.91566324      2
  9651181.759036275      2
  3217060.586345425         2
  1072353.5287818082         2
  357451.1762606027         2
  119150.39208686758         2
  39716.797362289195         2
  13238.932454096399         2
  4412.977484698799         4
  1470.9924948995997         4
  490.3308316331999         4
  163.44361054439997         4
  54.481203514799994         4
  18.160401171599997         4
  6.053467057199999         4
  2.0178223523999996         4
  0.6726074507999998         4
  0.22420248359999995         2
  0.07473416119999998         2
