20
  57026364.45721004      0
  12672525.434935564      0
  4224175.144978521         3
  1408058.381659507         3
  469352.79388650233         3
  156450.93129550078         3
  52150.31043183359         4
  17383.436810611198         4
  5794.4789368704         4
  1931.4929789567998         5
  643.8309929855999         5
  214.61033099519997         5
  71.53677699839999         5
  23.845592332799995         5
  7.9485307775999985         5
  2.6495102591999995         6
  0.8831700863999998         7
  0.2943900287999999         5
  0.09813000959999997         3
  0.03271000319999999         3
