31
  160490389.12399605      2
  40122597.28099901      2
  20061298.640499506         2
  10030649.320249753         2
  5015324.660124877         2
  2507662.3300624383         2
  1253831.1650312191         2
  626915.5825156096         2
  313457.7912578048         2
  156728.8956289024         2
  78364.4478144512         2
  39182.2239072256         2
  19591.1119536128         2
  9795.5559768064         2
  4897.7779884032         4
  2448.8889942016         4
  1224.4444971008         4
  612.2222485504         4
  306.1111242752         4
  153.0555621376         4
  76.5277810688         4
  38.2638905344         4
  19.1319452672         4
  9.5659726336         4
  4.7829863168         4
  2.3914931584         4
  1.1957465792         4
  0.5978732896         4
  0.2989366448         4
  0.1494683224         2
  0.0747341612         2
