3
   24    0    0
3.24633537E+07
4.42837862E+06
9.00751943E+05
2.29634536E+05
6.84747793E+04
2.29259803E+04
8.39456034E+03
3.30105314E+03
1.37605488E+03
6.02118720E+02
2.74354211E+02
1.29314154E+02
6.26431785E+01
3.07018767E+01
1.39562991E+01
6.88127796E+00
3.40174368E+00
1.50403325E+00
7.26763672E-01
3.36765143E-01
1.68945740E-01
8.33226125E-02
4.20740520E-02
2.01269248E-02
   17    0    0
1.18730238E+04
2.25751342E+03
6.58388428E+02
2.35412235E+02
9.49455244E+01
4.14963927E+01
1.90867082E+01
9.02909007E+00
4.34940922E+00
2.06108027E+00
9.98365115E-01
4.88868809E-01
2.39840754E-01
1.20321460E-01
9.27043196E-02
4.00808590E-02
1.73705919E-02
    4    0    0
1.97367339E+00
6.97722478E-01
2.16309249E-01
8.25122551E-02
    3    0    0
1.38907420E+00
4.95815720E-01
1.48691880E-01



** Available from the Dirac web site, http://dirac.chem.sdu.dk **