2
   16    0    0
6.34294030E+05
8.13143411E+04
1.67647924E+04
4.42972977E+03
1.37198760E+03
4.75488067E+02
1.79307628E+02
7.24040898E+01
3.06589921E+01
9.83698689E+00
3.99960282E+00
1.02591153E+00
4.26117505E-01
1.90013300E-01
6.38002180E-02
2.62961267E-02
   12    0    0
1.23652780E+03
2.77429159E+02
8.65134662E+01
3.16262220E+01
1.25001464E+01
5.13409405E+00
2.00760068E+00
8.36741186E-01
3.38755227E-01
1.51056920E-01
7.65373635E-02
2.63106572E-02
    3    0    0
1.17820740E+00
4.60158330E-01
1.32081131E-01



** Available from the Dirac web site, http://dirac.chem.sdu.dk **