4
   30    0    0
1.04228680E+08
2.16345113E+07
5.82914701E+06
1.81107753E+06
6.29268529E+05
2.38191278E+05
9.65204830E+04
4.13021383E+04
1.84974996E+04
8.61449842E+03
4.14723826E+03
2.05304085E+03
1.04058386E+03
5.38295107E+02
2.83526157E+02
1.51710612E+02
8.22848822E+01
4.50766318E+01
2.47464024E+01
1.31922150E+01
7.18284625E+00
3.95343272E+00
2.15504707E+00
1.13150218E+00
5.91667373E-01
3.04283911E-01
1.12958451E-01
6.57966129E-02
3.36436457E-02
1.69852566E-02
   20    0    0
1.26579828E+05
1.99250811E+04
5.01201931E+03
1.62941937E+03
6.20126371E+02
2.62087687E+02
1.19192000E+02
5.72247713E+01
2.86053748E+01
1.46603651E+01
7.64564826E+00
4.03210840E+00
2.10677559E+00
1.09079258E+00
5.61328900E-01
2.86357468E-01
1.29433694E-01
6.32649059E-02
3.03511566E-02
1.44643293E-02
    6    0    0
6.09873647E+00
1.70417082E+00
6.56538402E-01
2.36206950E-01
1.63218424E-01
7.17542957E-02
    5    0    0
1.97600263E+00
8.74015401E-01
3.14450020E-01
1.99058802E-01
1.18385168E-01
    3    0    0
1.60298687E+00
5.76716670E-01
1.86062450E-01



** Available from the Dirac web site, http://dirac.chem.sdu.dk **