20
  57334932.324274704      0
  12741096.072061045      0
  4247032.024020349         2
  1415677.3413401162         3
  471892.4471133721         3
  157297.48237112403         3
  52432.49412370801         3
  17477.498041236006         3
  5825.8326804120015         4
  1941.9442268040004         4
  647.3147422680001         4
  215.77158075600005         4
  71.92386025200001         4
  23.974620084000005         4
  7.991540028000002         4
  2.663846676000001         5
  0.8879488920000003         6
  0.29598296400000007         4
  0.09866098800000002         2
  0.03288699600000001         2
