20
  92802774.17439467      0
  20622838.705421034      0
  6874279.568473678         3
  2291426.5228245594         3
  763808.8409415198         3
  254602.94698050662         4
  84867.64899350221         4
  28289.216331167405         4
  9429.738777055802         4
  3143.2462590186005         5
  1047.7487530062         5
  349.2495843354         5
  116.4165281118         5
  38.8055093706         5
  12.9351697902         5
  4.3117232634         5
  1.4372410878000001         6
  0.47908036260000003         5
  0.1596934542         3
  0.0532311514         3
