19
  58881178.829088494      0
  13084706.40646411      0
  4361568.802154703         3
  1453856.267384901         3
  484618.755794967         3
  161539.585264989         3
  53846.528421663         4
  17948.842807221         4
  5982.947602407         4
  1994.315867469         5
  664.771955823         5
  221.590651941         5
  73.863550647         5
  24.621183548999998         5
  8.207061182999999         5
  2.7356870609999997         5
  0.9118956869999999         5
  0.30396522899999995         3
  0.10132174299999998         3
