20
  57334932.324274704      0
  12741096.072061045      0
  4247032.024020349         3
  1415677.3413401162         4
  471892.4471133721         4
  157297.48237112403         4
  52432.49412370801         4
  17477.498041236006         4
  5825.8326804120015         5
  1941.9442268040004         5
  647.3147422680001         5
  215.77158075600005         5
  71.92386025200001         5
  23.974620084000005         5
  7.991540028000002         5
  2.663846676000001         6
  0.8879488920000003         7
  0.29598296400000007         5
  0.09866098800000002         3
  0.03288699600000001         3
