30
  108793393.13967924      2
  27198348.28491981      2
  13599174.142459905         2
  6799587.071229952         2
  3399793.535614976         2
  1699896.767807488         2
  849948.383903744         2
  424974.191951872         2
  212487.095975936         2
  106243.547987968         2
  53121.773993984         4
  26560.886996992         4
  13280.443498496         4
  6640.221749248         4
  3320.110874624         4
  1660.055437312         4
  830.027718656         4
  415.013859328         4
  207.506929664         4
  103.753464832         4
  51.876732416         4
  25.938366208         4
  12.969183104         4
  6.484591552         4
  3.242295776         4
  1.621147888         4
  0.810573944         4
  0.405286972         4
  0.202643486         2
  0.101321743         2
