19
  58881178.829088494      0
  13084706.40646411      0
  4361568.802154703         2
  1453856.267384901         2
  484618.755794967         2
  161539.585264989         2
  53846.528421663         3
  17948.842807221         3
  5982.947602407         3
  1994.315867469         4
  664.771955823         4
  221.590651941         4
  73.863550647         4
  24.621183548999998         4
  8.207061182999999         4
  2.7356870609999997         4
  0.9118956869999999         4
  0.30396522899999995         2
  0.10132174299999998         2
