20
  43811388.46662238      0
  9735864.103693863      0
  3245288.0345646213         2
  1081762.678188207         2
  360587.55939606903         2
  120195.85313202301         2
  40065.284377341006         3
  13355.094792447002         3
  4451.698264149         3
  1483.8994213830001         3
  494.63314046100004         4
  164.87771348700002         4
  54.95923782900001         4
  18.319745943000004         6
  6.1065819810000015         7
  2.0355273270000005         7
  0.6785091090000002         6
  0.22616970300000006         4
  0.07538990100000002         2
  0.025129967000000007         2
