20
  63027826.1364938      0
  14006183.585887512      0
  4668727.861962504         3
  1556242.6206541678         3
  518747.54021805595         3
  172915.84673935198         3
  57638.615579784         3
  19212.871859928         4
  6404.290619976         4
  2134.763539992         4
  711.587846664         4
  237.195948888         5
  79.065316296         5
  26.355105432000002         5
  8.785035144         7
  2.928345048         7
  0.9761150160000001         6
  0.325371672         5
  0.108457224         3
  0.036152408000000004         3
