20
  83313331.42970447      0
  18514073.651045438      0
  6171357.883681812         2
  2057119.294560604         3
  685706.4315202014         3
  228568.8105067338         3
  76189.6035022446         3
  25396.5345007482         3
  8465.5115002494         3
  2821.8371667498         4
  940.6123889166         4
  313.5374629722         4
  104.5124876574         5
  34.8374958858         5
  11.612498628600001         5
  3.8708328762         6
  1.2902776254000001         6
  0.43009254180000006         5
  0.14336418060000003         3
  0.04778806020000001         3
