20
  83313331.42970447      2
  18514073.651045438      2
  6171357.883681812         2
  2057119.294560604         2
  685706.4315202014         2
  228568.8105067338         2
  76189.6035022446         2
  25396.5345007482         2
  8465.5115002494         2
  2821.8371667498         4
  940.6123889166         4
  313.5374629722         4
  104.5124876574         4
  34.8374958858         4
  11.612498628600001         4
  3.8708328762         4
  1.2902776254000001         4
  0.43009254180000006         4
  0.14336418060000003         2
  0.04778806020000001         2
