31
  102624077.84913962      2
  25656019.462284904      2
  12828009.731142452         2
  6414004.865571226         2
  3207002.432785613         2
  1603501.2163928065         2
  801750.6081964032         2
  400875.3040982016         2
  200437.6520491008         2
  100218.8260245504         2
  50109.4130122752         2
  25054.7065061376         2
  12527.3532530688         2
  6263.6766265344         4
  3131.8383132672         4
  1565.9191566336         4
  782.9595783168         4
  391.4797891584         4
  195.7398945792         4
  97.8699472896         4
  48.9349736448         4
  24.4674868224         4
  12.2337434112         4
  6.1168717056         4
  3.0584358528         4
  1.5292179264         4
  0.7646089632         4
  0.3823044816         4
  0.1911522408         4
  0.0955761204         2
  0.0477880602         2
