20
  43811388.46662238      0
  9735864.103693863      0
  3245288.0345646213         3
  1081762.678188207         3
  360587.55939606903         3
  120195.85313202301         3
  40065.284377341006         4
  13355.094792447002         4
  4451.698264149         4
  1483.8994213830001         4
  494.63314046100004         5
  164.87771348700002         5
  54.95923782900001         5
  18.319745943000004         7
  6.1065819810000015         8
  2.0355273270000005         8
  0.6785091090000002         7
  0.22616970300000006         5
  0.07538990100000002         3
  0.025129967000000007         3
