19
  37768651.62831335      0
  8393033.695180744      0
  2797677.898393581         3
  932559.299464527         3
  310853.09982150904         3
  103617.69994050301         3
  34539.233313501005         4
  11513.077771167002         4
  3837.6925903890005         4
  1279.230863463         5
  426.41028782100005         5
  142.136762607         5
  47.378920869000005         5
  15.792973623000002         5
  5.264324541000001         5
  1.7547748470000002         5
  0.584924949         4
  0.19497498300000002         4
  0.064991661         3
