20
  81013958.2066843      0
  18003101.82370762      0
  6001033.941235874         2
  2000344.6470786247         2
  666781.5490262082         2
  222260.5163420694         3
  74086.8387806898         3
  24695.6129268966         3
  8231.8709756322         3
  2743.9569918774         4
  914.6523306258         4
  304.8841102086         4
  101.6280367362         4
  33.8760122454         4
  11.2920040818         4
  3.7640013606         4
  1.2546671202         4
  0.41822237339999996      6
  0.1394074578         2
  0.0464691526         2