19
  65002824.15536739      0
  14445072.034526087      0
  4815024.011508696         3
  1605008.003836232         3
  535002.6679454107         3
  178334.22264847023         3
  59444.74088282341         3
  19814.913627607802         3
  6604.971209202601         4
  2201.6570697342004         4
  733.8856899114002         5
  244.62856330380006         5
  81.54285443460002         5
  27.180951478200004         5
  9.060317159400002         5
  3.0201057198000005         5
  1.0067019066000003         4
  0.3355673022000001         4
  0.11185576740000003         3
