20
  81013958.2066843      0
  18003101.82370762      0
  6001033.941235874         3
  2000344.6470786247         3
  666781.5490262082         3
  222260.5163420694         4
  74086.8387806898         4
  24695.6129268966         4
  8231.8709756322         4
  2743.9569918774         5
  914.6523306258         5
  304.8841102086         5
  101.6280367362         5
  33.8760122454         5
  11.2920040818         5
  3.7640013606         5
  1.2546671202         5
  0.41822237339999996      6
  0.1394074578         3
  0.0464691526         3