30
  120104215.71299574      2
  30026053.928248934      2
  15013026.964124467         2
  7506513.482062234         2
  3753256.741031117         2
  1876628.3705155584         2
  938314.1852577792         2
  469157.0926288896         2
  234578.5463144448         2
  117289.2731572224         2
  58644.6365786112         2
  29322.3182893056         2
  14661.1591446528         4
  7330.5795723264         4
  3665.2897861632         4
  1832.6448930816         4
  916.3224465408         4
  458.1612232704         4
  229.0806116352         4
  114.5403058176         4
  57.2701529088         4
  28.6350764544         4
  14.3175382272         4
  7.1587691136         4
  3.5793845568         4
  1.7896922784         4
  0.8948461392         4
  0.4474230696         4
  0.2237115348         2
  0.1118557674         2
