19
  65002824.15536739      2
  14445072.034526087      2
  4815024.011508696         2
  1605008.003836232         2
  535002.6679454107         2
  178334.22264847023         2
  59444.74088282341         2
  19814.913627607802         2
  6604.971209202601         4
  2201.6570697342004         4
  733.8856899114002         4
  244.62856330380006         4
  81.54285443460002         4
  27.180951478200004         4
  9.060317159400002         4
  3.0201057198000005         4
  1.0067019066000003         4
  0.3355673022000001         4
  0.11185576740000003         2
