5
   30    0    0
1.04694391E+08
2.26845735E+07
6.32491991E+06
2.01593035E+06
7.12695186E+05
2.71976789E+05
1.10393775E+05
4.73026015E+04
2.12699122E+04
9.94620753E+03
4.80111360E+03
2.38336815E+03
1.21307065E+03
6.30543985E+02
3.33370352E+02
1.78751851E+02
9.70331313E+01
5.31725155E+01
2.91774117E+01
1.54885174E+01
8.43494627E+00
4.64290702E+00
2.53694524E+00
1.31789957E+00
6.84545000E-01
3.48586730E-01
1.31924554E-01
7.53869419E-02
3.77290281E-02
1.87205318E-02
   20    0    0
1.59253008E+05
2.47033426E+04
6.09369459E+03
1.94921871E+03
7.33442949E+02
3.07686365E+02
1.39242267E+02
6.66183922E+01
3.32249528E+01
1.70099871E+01
8.86934981E+00
4.68053991E+00
2.44757107E+00
1.26696168E+00
6.50384966E-01
3.29768774E-01
1.47291316E-01
7.08173966E-02
3.34872417E-02
1.57397767E-02
   12    0    0
3.02572229E+02
8.83869110E+01
3.37497256E+01
1.45777705E+01
6.65777659E+00
3.18655042E+00
1.56324644E+00
7.63867006E-01
3.67357935E-01
1.72864587E-01
7.89625633E-02
3.44155142E-02
    5    0    0
2.34575417E+00
1.55104026E+00
4.26351076E-01
1.35352306E-01
4.29698615E-02
    4    0    0
2.00363825E+00
8.02699687E-01
2.04605908E-01
5.21534746E-02
    2    0    0
2.99603610E-01
7.63681233E-02



** Available from the Dirac web site, http://dirac.chem.sdu.dk **