3
   15    0    0
7.41738427E+05
9.41903536E+04
1.92827163E+04
5.06799578E+03
1.56326832E+03
5.40053480E+02
2.03153468E+02
8.18667139E+01
3.45940709E+01
1.10873565E+01
4.53794521E+00
1.18968284E+00
4.88489833E-01
7.34482262E-02
2.99786157E-02
   11    0    0
1.41560858E+03
3.15608323E+02
9.81845628E+01
3.58716811E+01
1.41994709E+01
5.85244917E+00
2.30219949E+00
9.62543439E-01
3.89583018E-01
8.70145162E-02
2.90398015E-02
    6    0    0
2.62427201E+01
7.20758110E+00
2.40858597E+00
8.44899597E-01
2.82410274E-01
8.53918207E-02
    2    0    0
2.67825538E-01
1.56595129E-01



** Available from the Dirac web site, http://dirac.chem.sdu.dk **