4
   23    0    0
3.45447409E+07
4.82136942E+06
9.91303344E+05
2.53975100E+05
7.59098442E+04
2.54409491E+04
9.31956547E+03
3.66621673E+03
1.52917975E+03
6.69607626E+02
3.05317969E+02
1.44000837E+02
6.98040060E+01
3.42478708E+01
1.56321259E+01
7.74415691E+00
3.84447242E+00
1.71293970E+00
8.26954122E-01
3.80469628E-01
9.65621219E-02
4.83345359E-02
2.24910074E-02
   16    0    0
1.41050190E+04
2.63613429E+03
7.61329362E+02
2.70627419E+02
1.08756329E+02
4.74280229E+01
2.17982037E+01
1.03193984E+01
4.97968369E+00
2.36835634E+00
1.14814186E+00
5.61293764E-01
2.73740335E-01
1.04592373E-01
4.44015183E-02
1.89251896E-02
    9    0    0
9.15663262E+01
2.70653467E+01
9.99202020E+00
4.05339500E+00
1.74691673E+00
7.53699933E-01
3.16875746E-01
1.27887870E-01
4.83821951E-02
    4    0    0
1.78537449E+00
8.45197328E-01
1.73647022E-01
3.56760335E-02
    2    0    0
2.84207993E-01
5.83909460E-02



** Available from the Dirac web site, http://dirac.chem.sdu.dk **