20
  178406.9150998528      2
  44601.7287749632      2
  22300.8643874816         2
  11150.4321937408         2
  5575.2160968704         2
  2787.6080484352         2
  1393.8040242176         2
  696.9020121088         2
  348.4510060544         2
  174.2255030272         2
  87.1127515136         2
  43.5563757568         2
  21.7781878784         2
  10.8890939392         2
  5.4445469696         2
  2.7222734848         2
  1.3611367424         2
  0.6805683712         2
  0.3402841856         2
  0.1701420928         2
