19
  48666459.243011884      0
  10814768.720669309      0
  3604922.9068897697         2
  1201640.9689632566         2
  400546.98965441884         2
  133515.6632181396         2
  44505.221072713204         2
  14835.0736909044         2
  4945.0245636348         3
  1648.3415212116         3
  549.4471737371999         3
  183.14905791239997         3
  61.04968597079999         3
  20.3498953236         3
  6.7832984411999995         3
  2.2610994804         3
  0.7536998268      6
  0.25123327560000003         4
  0.08374442520000001         3