19
  48666459.243011884      0
  10814768.720669309      0
  3604922.9068897697         1
  1201640.9689632566         1
  400546.98965441884         1
  133515.6632181396         1
  44505.221072713204         1
  14835.0736909044         1
  4945.0245636348         2
  1648.3415212116         2
  549.4471737371999         2
  183.14905791239997         2
  61.04968597079999         2
  20.3498953236         2
  6.7832984411999995         2
  2.2610994804         2
  0.7536998268      6
  0.25123327560000003         3
  0.08374442520000001         2