3
   19    0    0
2.02620924E+05
3.00216610E+04
6.82441496E+03
1.93772327E+03
6.34724363E+02
2.30242831E+02
9.02607500E+01
3.76314466E+01
1.64890261E+01
7.51150713E+00
3.51808159E+00
1.68069754E+00
8.15050038E-01
3.91800255E-01
2.16708232E-01
1.19863265E-01
6.68248114E-02
3.44097081E-02
1.73116489E-02
   10    0    0
6.97429533E+01
1.57540731E+01
4.89923834E+00
1.75836213E+00
6.68205983E-01
2.68848934E-01
1.16877207E-01
5.41143589E-02
2.61293523E-02
1.26902613E-02
    5    0    0
1.04114144E+01
2.96344231E+00
7.17431693E-01
1.73685930E-01
6.58055556E-02
    3    0    0
6.65630176E+00
9.44471203E-01
1.34012231E-01



** Available from the Dirac web site, http://dirac.chem.sdu.dk **