19
  47402179.57838908      0
  10533817.684086462      0
  3511272.5613621543         3
  1170424.1871207182         3
  390141.39570690604         3
  130047.13190230202         3
  43349.04396743401         3
  14449.681322478003         3
  4816.5604408260015         4
  1605.5201469420006         4
  535.1733823140002         5
  178.39112743800004         5
  59.463709146000014         5
  19.821236382000006         5
  6.607078794000002         5
  2.2023595980000006         5
  0.7341198660000002         5
  0.24470662200000007         3
  0.08156887400000003         3
