19
  47402179.57838908      0
  10533817.684086462      0
  3511272.5613621543         2
  1170424.1871207182         2
  390141.39570690604         2
  130047.13190230202         2
  43349.04396743401         2
  14449.681322478003         2
  4816.5604408260015         3
  1605.5201469420006         3
  535.1733823140002         4
  178.39112743800004         4
  59.463709146000014         4
  19.821236382000006         4
  6.607078794000002         4
  2.2023595980000006         4
  0.7341198660000002         4
  0.24470662200000007         2
  0.08156887400000003         2
