20
  93140951.11723572      0
  20697989.137163494      0
  6899329.712387831         3
  2299776.5707959435         3
  766592.1902653145         3
  255530.73008843817         3
  85176.91002947939         3
  28392.303343159798         3
  9464.1011143866         4
  3154.7003714622         4
  1051.5667904874         5
  350.5222634958         5
  116.8407544986         5
  38.9469181662         5
  12.9823060554         5
  4.3274353518         5
  1.4424784506000001         6
  0.4808261502         5
  0.1602753834         3
  0.0534251278         3
