20
  63015468.27521979      0
  14003437.394493287      0
  4667812.464831096         3
  1555937.488277032         3
  518645.82942567737         3
  172881.94314189247         3
  57627.31438063082         4
  19209.104793543607         4
  6403.034931181202         4
  2134.3449770604007         5
  711.4483256868002         5
  237.14944189560006         5
  79.04981396520002         5
  26.349937988400004         5
  8.783312662800002         5
  2.927770887600001         6
  0.9759236292000003         7
  0.3253078764000001         5
  0.10843595880000002         3
  0.03614531960000001         3
