20
  63015468.27521979      0
  14003437.394493287      0
  4667812.464831096         2
  1555937.488277032         2
  518645.82942567737         2
  172881.94314189247         2
  57627.31438063082         3
  19209.104793543607         3
  6403.034931181202         3
  2134.3449770604007         4
  711.4483256868002         4
  237.14944189560006         4
  79.04981396520002         4
  26.349937988400004         4
  8.783312662800002         4
  2.927770887600001         5
  0.9759236292000003         6
  0.3253078764000001         4
  0.10843595880000002         2
  0.03614531960000001         2
