30
  87583911.55038618      2
  21895977.887596544      2
  10947988.943798272         2
  5473994.471899136         2
  2736997.235949568         2
  1368498.617974784         2
  684249.308987392         2
  342124.654493696         2
  171062.327246848         2
  85531.163623424         2
  42765.581811712         2
  21382.790905856         2
  10691.395452928         2
  5345.697726464         4
  2672.848863232         4
  1336.424431616         4
  668.212215808         4
  334.106107904         4
  167.053053952         4
  83.526526976         4
  41.763263488         4
  20.881631744         4
  10.440815872         4
  5.220407936         4
  2.610203968         4
  1.305101984         4
  0.652550992         4
  0.326275496         2
  0.163137748         2
  0.081568874         2
