20
  46066671.99824879      0
  10237038.221833065      0
  3412346.073944355         2
  1137448.691314785         2
  379149.563771595         2
  126383.187923865         2
  42127.729307955         3
  14042.576435985         3
  4680.858811995         3
  1560.286270665         3
  520.095423555         4
  173.365141185         4
  57.788380395         4
  19.262793464999998         6
  6.420931154999999         7
  2.140310385         7
  0.7134367949999999         6
  0.23781226499999997         4
  0.07927075499999998         2
  0.026423584999999996         2
