20
  46066671.99824879      0
  10237038.221833065      0
  3412346.073944355         3
  1137448.691314785         3
  379149.563771595         3
  126383.187923865         3
  42127.729307955         4
  14042.576435985         4
  4680.858811995         4
  1560.286270665         4
  520.095423555         5
  173.365141185         5
  57.788380395         5
  19.262793464999998         7
  6.420931154999999         8
  2.140310385         8
  0.7134367949999999         7
  0.23781226499999997         5
  0.07927075499999998         3
  0.026423584999999996         3
