20
  89983856.47716632      0
  19996412.550481405      0
  6665470.850160468         2
  2221823.6167201563         2
  740607.8722400521         2
  246869.29074668404         2
  82289.76358222801         2
  27429.921194076003         2
  9143.307064692         3
  3047.769021564         3
  1015.923007188         3
  338.64100239600003         3
  112.88033413200002         4
  37.626778044000005         4
  12.542259348000002         4
  4.180753116000001         5
  1.3935843720000003         5
  0.4645281240000001         4
  0.15484270800000002         2
  0.05161423600000001         2
