20
  89983856.47716632      0
  19996412.550481405      0
  6665470.850160468         3
  2221823.6167201563         3
  740607.8722400521         3
  246869.29074668404         3
  82289.76358222801         3
  27429.921194076003         3
  9143.307064692         4
  3047.769021564         4
  1015.923007188         4
  338.64100239600003         4
  112.88033413200002         5
  37.626778044000005         5
  12.542259348000002         5
  4.180753116000001         6
  1.3935843720000003         6
  0.4645281240000001         5
  0.15484270800000002         3
  0.05161423600000001         3
