20
  68103400.11236723      0
  15134088.913859384      0
  5044696.304619795         3
  1681565.434873265         3
  560521.8116244216         3
  186840.60387480722         3
  62280.2012916024         3
  20760.0670972008         4
  6920.0223657336         4
  2306.6741219112         4
  768.8913739704         5
  256.2971246568         5
  85.4323748856         5
  28.477458295199998         5
  9.492486098399999         7
  3.1641620327999997         7
  1.0547206776         6
  0.3515735592         5
  0.1171911864         4
  0.039063728799999996         3
