31
  110840727.81401293      2
  27710181.953503232      2
  13855090.976751616         2
  6927545.488375808         2
  3463772.744187904         2
  1731886.372093952         2
  865943.186046976         2
  432971.593023488         2
  216485.796511744         2
  108242.898255872         2
  54121.449127936         2
  27060.724563968         2
  13530.362281984         2
  6765.181140992         4
  3382.590570496         4
  1691.295285248         4
  845.647642624         4
  422.823821312         4
  211.411910656         4
  105.705955328         4
  52.852977664         4
  26.426488832         4
  13.213244416         4
  6.606622208         4
  3.303311104         4
  1.651655552         4
  0.825827776         4
  0.412913888         4
  0.206456944         4
  0.103228472         2
  0.051614236         2
