21
  82196287.77994594      0
  18265841.728876878      0
  6088613.909625626         2
  2029537.9698752088         2
  676512.6566250696         2
  225504.2188750232         2
  75168.07295834106         2
  25056.02431944702         2
  8352.00810648234         2
  2784.0027021607802         3
  928.0009007202601         3
  309.33363357342006         3
  103.11121119114001         3
  34.370403730380005         3
  11.456801243460001         3
  3.8189337478200005         3
  1.27297791594         5
  0.42432597198000005         4
  0.14144199066000002         4
  0.047147330220000006         2
  0.015715776740000003         2
