21
  94015146.09126239      0
  20892254.686947197      0
  6964084.895649065         2
  2321361.631883022         2
  773787.210627674         2
  257929.07020922468         3
  85976.35673640823         3
  28658.78557880274         3
  9552.92852626758         3
  3184.30950875586         3
  1061.43650291862         4
  353.81216763953995         4
  117.93738921317998         4
  39.312463071059994         4
  13.104154357019999         4
  4.36805145234         4
  1.45601715078         5
  0.48533905025999996         4
  0.16177968342         4
  0.053926561139999996         3
  0.01797552038         3
