19
  15029589.83039322      0
  3339908.851198493      0
  1113302.9503994978         2
  371100.98346649925         2
  123700.32782216642         2
  41233.44260738881         2
  13744.480869129604         3
  4581.493623043201         3
  1527.1645410144004         3
  509.05484700480014         4
  169.68494900160005         4
  56.561649667200015         4
  18.853883222400004         4
  6.284627740800001         4
  2.0948759136000006         4
  0.6982919712000002         4
  0.23276399040000006         3
  0.07758799680000002         3
  0.025862665600000005         3
