21
  82196287.77994594      0
  18265841.728876878      0
  6088613.909625626         3
  2029537.9698752088         3
  676512.6566250696         3
  225504.2188750232         3
  75168.07295834106         3
  25056.02431944702         3
  8352.00810648234         3
  2784.0027021607802         4
  928.0009007202601         4
  309.33363357342006         4
  103.11121119114001         4
  34.370403730380005         4
  11.456801243460001         4
  3.8189337478200005         4
  1.27297791594         6
  0.42432597198000005         5
  0.14144199066000002         5
  0.047147330220000006         3
  0.015715776740000003         3
