31
  55539651.46969211      2
  13884912.867423028      2
  6942456.433711514         2
  3471228.216855757         2
  1735614.1084278785         2
  867807.0542139392         2
  433903.5271069696         2
  216951.7635534848         2
  108475.8817767424         2
  54237.9408883712         2
  27118.9704441856         2
  13559.4852220928         2
  6779.7426110464         2
  3389.8713055232         2
  1694.9356527616         2
  847.4678263808         2
  423.7339131904         2
  211.8669565952         2
  105.9334782976         2
  52.9667391488         2
  26.4833695744         2
  13.2416847872         2
  6.6208423936         2
  3.3104211968         2
  1.6552105984         2
  0.8276052992         2
  0.4138026496         2
  0.2069013248         2
  0.1034506624         2
  0.0517253312         2
  0.0258626656         2
