19
  15029589.83039322      0
  3339908.851198493      0
  1113302.9503994978         1
  371100.98346649925         1
  123700.32782216642         1
  41233.44260738881         1
  13744.480869129604         2
  4581.493623043201         2
  1527.1645410144004         2
  509.05484700480014         3
  169.68494900160005         3
  56.561649667200015         3
  18.853883222400004         3
  6.284627740800001         3
  2.0948759136000006         3
  0.6982919712000002         3
  0.23276399040000006         2
  0.07758799680000002         2
  0.025862665600000005         2
