3
   14    0    0
5.83205813E+04
8.57491851E+03
1.93049738E+03
5.42828734E+02
1.76151050E+02
6.33348080E+01
2.46053217E+01
1.01303767E+01
4.35324355E+00
1.93804832E+00
8.71465714E-01
2.47833689E-01
1.01026182E-01
4.13322544E-02
    8    0    0
4.09713585E+01
9.64448228E+00
2.99814660E+00
1.04950925E+00
4.04947150E-01
1.65880377E-01
6.96137454E-02
2.92979655E-02
    3    0    0
9.04771923E+00
3.71919015E-01
1.94872657E-01
    1    0    0
3.66942695E-01



** Available from the Dirac web site, http://dirac.chem.sdu.dk **