4
   19    0    0
5.81236023E+05
8.05482945E+04
1.74441011E+04
4.76366176E+03
1.50836569E+03
5.31555968E+02
2.03365963E+02
8.30420060E+01
3.57401677E+01
1.60416933E+01
7.43414730E+00
3.53276299E+00
1.71482427E+00
8.32460168E-01
5.15247113E-01
3.18909658E-01
1.51071595E-01
7.01994549E-02
3.27052370E-02
   10    0    0
1.16307349E+02
2.74157405E+01
8.81946204E+00
3.26613377E+00
1.30144943E+00
5.53363164E-01
2.47698185E-01
1.13617123E-01
5.28208601E-02
2.43754077E-02
    6    0    0
2.00894161E+01
5.70204672E+00
1.95528245E+00
6.70483711E-01
5.64789363E-01
1.78482656E-01
    4    0    0
1.21947584E+01
2.41414564E+00
4.77918377E-01
2.44911267E-01
    1    0    0
4.02897899E-01



** Available from the Dirac web site, http://dirac.chem.sdu.dk **