4
   24    0    0
5.52293110E+07
8.28322623E+06
1.78008817E+06
4.69940013E+05
1.43632843E+05
4.89924934E+04
1.82064427E+04
7.24780062E+03
3.05309768E+03
1.34845366E+03
6.20028262E+02
2.95080128E+02
1.44593849E+02
7.26159230E+01
3.71991785E+01
1.92347118E+01
9.76504231E+00
5.01977779E+00
2.58297034E+00
1.32888828E+00
6.06565916E-01
3.05022554E-01
1.46017284E-01
6.81945679E-02
   14    0    0
7.21914685E+03
1.44333722E+03
4.32619195E+02
1.57439586E+02
6.42919808E+01
2.83457603E+01
1.31728648E+01
6.28739455E+00
3.03857319E+00
1.46830159E+00
6.56336140E-01
2.94246012E-01
1.28025978E-01
5.39664614E-02
    3    0    0
9.41310495E-01
3.85426344E-01
1.56690601E-01
    2    0    0
6.55879944E-01
2.48317061E-01
    1    0    0
5.51482785E-01



** Available from the Dirac web site, http://dirac.chem.sdu.dk **