3
   18    0    0
4.30723404E+06
5.34914798E+05
1.07248938E+05
2.77250805E+04
8.44519213E+03
2.88995955E+03
1.07964097E+03
4.32091047E+02
1.82719576E+02
8.07580104E+01
3.69682616E+01
1.71640797E+01
7.01102009E+00
3.20986282E+00
1.46219083E+00
4.74738515E-01
2.14751786E-01
8.94037694E-02
   11    0    0
1.59142117E+03
3.54310170E+02
1.11130593E+02
4.10893367E+01
1.67788335E+01
7.22366817E+00
3.17958502E+00
1.40517960E+00
5.15448646E-01
1.96730743E-01
7.20155791E-02
    2    0    0
6.22607394E-01
2.07120534E-01
    1    0    0
4.24814897E-01



** Available from the Dirac web site, http://dirac.chem.sdu.dk **