19
  31603277.609052334      0
  7022950.579789408      0
  2340983.5265964693         2
  780327.8421988231         2
  260109.28073294103         2
  86703.09357764701         2
  28901.031192549006         3
  9633.677064183003         3
  3211.2256880610007         3
  1070.4085626870003         4
  356.8028542290001         4
  118.93428474300003         4
  39.64476158100001         4
  13.214920527000004         4
  4.404973509000001         4
  1.4683245030000005         4
  0.48944150100000017         5
  0.16314716700000007         3
  0.054382389000000024         3
