21
  140281604.31540167      0
  31173689.847867038      0
  10391229.949289013         3
  3463743.316429671         3
  1154581.105476557         3
  384860.36849218566         3
  128286.78949739522         3
  42762.26316579841         3
  14254.087721932803         3
  4751.362573977601         4
  1583.7875246592002         4
  527.9291748864001         4
  175.97639162880003         4
  58.65879720960001         4
  19.552932403200003         4
  6.517644134400001         4
  2.1725480448000005         6
  0.7241826816000002         6
  0.24139422720000006         7
  0.08046474240000002         5
  0.02682158080000001         3
