19
  31603277.609052334      0
  7022950.579789408      0
  2340983.5265964693         1
  780327.8421988231         1
  260109.28073294103         1
  86703.09357764701         1
  28901.031192549006         2
  9633.677064183003         2
  3211.2256880610007         2
  1070.4085626870003         3
  356.8028542290001         3
  118.93428474300003         3
  39.64476158100001         3
  13.214920527000004         3
  4.404973509000001         3
  1.4683245030000005         3
  0.48944150100000017         4
  0.16314716700000007         2
  0.054382389000000024         2
