30
  58392645.55833754      2
  14598161.389584385      2
  7299080.694792192         2
  3649540.347396096         2
  1824770.173698048         2
  912385.086849024         2
  456192.543424512         2
  228096.271712256         2
  114048.135856128         2
  57024.067928064         2
  28512.033964032         2
  14256.016982016         2
  7128.008491008         2
  3564.004245504         2
  1782.002122752         2
  891.001061376         4
  445.500530688         4
  222.750265344         4
  111.375132672         4
  55.687566336         4
  27.843783168         4
  13.921891584         4
  6.960945792         4
  3.480472896         4
  1.740236448         4
  0.870118224         4
  0.435059112         4
  0.217529556         4
  0.108764778         2
  0.054382389         2
