20
  61843734.377263725      0
  13743052.083836384      0
  4581017.361278795         2
  1527005.7870929316         2
  509001.9290309772         3
  169667.3096769924         3
  56555.7698923308         3
  18851.923297443598         3
  6283.974432481199         3
  2094.6581441604         4
  698.2193813867999         4
  232.73979379559998         4
  77.57993126519999         4
  25.859977088399997         4
  8.6199923628         4
  2.8733307876         4
  0.9577769292         5
  0.3192589764         6
  0.1064196588         5
  0.0354732196         3
