21
  140281604.31540167      0
  31173689.847867038      0
  10391229.949289013         2
  3463743.316429671         2
  1154581.105476557         2
  384860.36849218566         2
  128286.78949739522         2
  42762.26316579841         2
  14254.087721932803         2
  4751.362573977601         3
  1583.7875246592002         3
  527.9291748864001         3
  175.97639162880003         3
  58.65879720960001         3
  19.552932403200003         3
  6.517644134400001         3
  2.1725480448000005         5
  0.7241826816000002         5
  0.24139422720000006         6
  0.08046474240000002         4
  0.02682158080000001         2
