3
   24    0    0
5.78790468E+07
1.47277856E+07
4.66980788E+06
1.60593717E+06
5.89847781E+05
2.26912673E+05
9.10631045E+04
3.79208693E+04
1.63391338E+04
7.26252891E+03
3.32169850E+03
1.55964749E+03
7.48637891E+02
3.52613276E+02
1.77504674E+02
9.14632745E+01
4.47101722E+01
2.35272879E+01
1.07214573E+01
5.52715061E+00
2.02746272E+00
9.62040984E-01
2.32944034E-01
8.68598864E-02
   20    0    0
1.44315847E+07
2.50743314E+06
5.60444246E+05
1.46372787E+05
4.31579089E+04
1.41524402E+04
5.12587435E+03
2.03021930E+03
8.66820906E+02
3.92148422E+02
1.85356353E+02
8.95192825E+01
4.44857645E+01
2.24228444E+01
1.06751765E+01
5.19177307E+00
2.09083067E+00
8.71717990E-01
2.16745290E-01
6.58254189E-02
   14    0    0
1.06108755E+04
2.73011313E+03
9.67314733E+02
4.02389437E+02
1.83970261E+02
8.91221384E+01
4.47577918E+01
2.27108628E+01
1.13491680E+01
5.59531052E+00
2.58639830E+00
1.16289182E+00
4.85219166E-01
1.75459932E-01
    8    0    0
5.20138448E+02
1.76510085E+02
7.43430142E+01
3.42407420E+01
1.64610261E+01
7.90770330E+00
3.68433522E+00
1.54783108E+00



** Available from the Dirac web site, http://dirac.chem.sdu.dk **