4
   34    0    0
6.03920992E+07
1.60745089E+07
5.50560701E+06
2.09916723E+06
8.77129438E+05
3.87785537E+05
1.79897043E+05
8.64376436E+04
4.28277909E+04
2.17378222E+04
1.12556188E+04
5.93460787E+03
3.19483673E+03
1.76553704E+03
1.00944437E+03
6.02343126E+02
3.77158135E+02
2.39375377E+02
1.50914233E+02
9.33306502E+01
5.51284790E+01
3.44322020E+01
2.13338228E+01
1.33520758E+01
8.66289355E+00
5.38222437E+00
2.99415411E+00
1.87779630E+00
1.14812985E+00
7.05688205E-01
3.82986806E-01
2.02009700E-01
1.00757759E-01
4.76195404E-02
   31    0    0
7.36179420E+07
2.57385946E+07
9.27215669E+06
3.51651434E+06
1.38991546E+06
5.69167353E+05
2.40582831E+05
1.04783130E+05
4.69525107E+04
2.16748139E+04
1.03300162E+04
5.08426049E+03
2.58100535E+03
1.34861189E+03
7.22977303E+02
3.96091080E+02
2.21115343E+02
1.24885742E+02
7.09098696E+01
4.10045433E+01
2.37014093E+01
1.35190917E+01
7.72037399E+00
4.38640900E+00
2.43723532E+00
1.30981319E+00
6.79468534E-01
3.16722126E-01
1.47172940E-01
6.66059717E-02
2.94523129E-02
   21    0    0
1.47942422E+05
3.48210727E+04
1.12655416E+04
4.36032112E+03
1.90442930E+03
9.06947114E+02
4.59753456E+02
2.43838189E+02
1.33891512E+02
7.51614919E+01
4.29820864E+01
2.46927739E+01
1.40562657E+01
7.96399991E+00
4.47266844E+00
2.45146086E+00
1.29817645E+00
6.64854429E-01
4.02082119E-01
2.14895975E-01
8.54398069E-02
   14    0    0
2.09185623E+03
7.01386845E+02
2.98309666E+02
1.43055149E+02
7.36521457E+01
3.94695785E+01
2.17364859E+01
1.20272063E+01
6.62387444E+00
3.57433130E+00
1.83923557E+00
8.42424682E-01
4.12384386E-01
1.51904517E-01
    1    0    0
3.72401449E-01



** Available from the Dirac web site, http://dirac.chem.sdu.dk **