3
   30    0    0
6.03798479E+07
1.60690745E+07
5.50158015E+06
2.09541152E+06
8.73747986E+05
3.85240024E+05
1.78043163E+05
8.50480279E+04
4.17656436E+04
2.09673002E+04
1.07363806E+04
5.59612309E+03
2.96529042E+03
1.59507762E+03
8.69510257E+02
4.79292554E+02
2.67978643E+02
1.51962899E+02
8.69502226E+01
4.92454742E+01
2.89250027E+01
1.68005206E+01
9.23723643E+00
5.22327683E+00
2.77804722E+00
1.49086619E+00
7.65783736E-01
2.97829937E-01
1.36025214E-01
5.89616920E-02
   26    0    0
4.48876065E+07
1.16821975E+07
3.41127699E+06
1.08859283E+06
3.72414988E+05
1.35125079E+05
5.17028736E+04
2.08204042E+04
8.82465553E+03
3.93487429E+03
1.84103284E+03
8.99380189E+02
4.55452747E+02
2.37621095E+02
1.26467890E+02
6.77241843E+01
3.71724457E+01
2.03301293E+01
1.08287874E+01
5.78253851E+00
2.93572621E+00
1.47773217E+00
7.01333423E-01
2.63794096E-01
1.04471072E-01
3.97592513E-02
   17    0    0
3.29356064E+04
8.06417412E+03
2.74121675E+03
1.11092616E+03
5.02922099E+02
2.44704323E+02
1.25285235E+02
6.61554572E+01
3.57496541E+01
1.93406179E+01
1.02760058E+01
5.42011456E+00
2.76252810E+00
1.35839970E+00
6.38064514E-01
2.81842020E-01
1.06118956E-01
   11    0    0
1.00520285E+03
3.41495533E+02
1.45275798E+02
6.89365180E+01
3.45975469E+01
1.78845449E+01
9.22196908E+00
4.64266605E+00
2.16866137E+00
8.02167191E-01
2.53085016E-01



** Available from the Dirac web site, http://dirac.chem.sdu.dk **