19
  91349780.55612415      0
  20299951.234694254      0
  6766650.4115647515         2
  2255550.1371882507         2
  751850.0457294169         2
  250616.68190980563         3
  83538.8939699352         3
  27846.2979899784         3
  9282.0993299928         3
  3094.0331099975997         3
  1031.3443699992         4
  343.78145666639995         4
  114.59381888879999         4
  38.19793962959999         4
  12.732646543199998         4
  4.2442155143999996         4
  1.4147385047999999         4
  0.47157950159999995      5
  0.15719316719999998         3