19
  66154116.31486799      0
  14700914.736637332      0
  4900304.912212444         2
  1633434.9707374813         2
  544478.3235791604         2
  181492.77452638678         2
  60497.591508795595         2
  20165.8638362652         2
  6721.9546120884         2
  2240.6515373628         3
  746.8838457876         3
  248.9612819292         3
  82.9870939764         3
  27.6623646588         3
  9.220788219600001         3
  3.0735960732000005         3
  1.0245320244000002      6
  0.3415106748000001         3
  0.11383689160000003         2