19
  66154116.31486799      0
  14700914.736637332      0
  4900304.912212444         3
  1633434.9707374813         3
  544478.3235791604         3
  181492.77452638678         3
  60497.591508795595         3
  20165.8638362652         3
  6721.9546120884         3
  2240.6515373628         4
  746.8838457876         4
  248.9612819292         4
  82.9870939764         4
  27.6623646588         4
  9.220788219600001         4
  3.0735960732000005         4
  1.0245320244000002      6
  0.3415106748000001         4
  0.11383689160000003         3