25
  8559080.28514304      2
  2139770.07128576      2
  1069885.03564288         2
  534942.51782144         2
  267471.25891072         2
  133735.62945536         2
  66867.81472768         2
  33433.90736384         2
  16716.95368192         2
  8358.47684096         2
  4179.23842048         2
  2089.61921024         2
  1044.80960512         2
  522.40480256         2
  261.20240128         2
  130.60120064         2
  65.30060032         2
  32.65030016         2
  16.32515008         2
  8.16257504         2
  4.08128752         2
  2.04064376         2
  1.02032188         2
  0.51016094         2
  0.25508047         2
