19
  75891979.89570558      0
  16864884.421267908      0
  5621628.140422636         2
  1873876.0468075452         2
  624625.3489358485         2
  208208.44964528282         3
  69402.81654842761         3
  23134.272182809204         3
  7711.4240609364015         3
  2570.4746869788005         3
  856.8248956596002         4
  285.6082985532001         4
  95.20276618440003         4
  31.734255394800012         4
  10.578085131600004         4
  3.526028377200001         4
  1.1753427924000004         4
  0.39178093080000015      5
  0.13059364360000006         3