20
  165225575.60580233      0
  36716794.579067186      0
  12238931.526355729         1
  4079643.842118576         2
  1359881.2807061921         2
  453293.7602353974         2
  151097.9200784658         2
  50365.9733594886         2
  16788.6577864962         2
  5596.219262165399         2
  1865.4064207217998         3
  621.8021402405999         3
  207.26738008019996         3
  69.08912669339999         3
  23.029708897799996         3
  7.676569632599999         3
  2.5588565441999997         3
  0.8529521814      6
  0.2843173938         3
  0.0947724646         2