25
  7065606.675234816      2
  1766401.668808704      2
  883200.834404352         2
  441600.417202176         2
  220800.208601088         2
  110400.104300544         2
  55200.052150272         2
  27600.026075136         2
  13800.013037568         2
  6900.006518784         2
  3450.003259392         2
  1725.001629696         2
  862.500814848         2
  431.250407424         2
  215.625203712         2
  107.812601856         2
  53.906300928         2
  26.953150464         2
  13.476575232         2
  6.738287616         2
  3.369143808         2
  1.684571904         2
  0.842285952         2
  0.421142976         2
  0.210571488         2
