20
  165225575.60580233      0
  36716794.579067186      0
  12238931.526355729         2
  4079643.842118576         3
  1359881.2807061921         3
  453293.7602353974         3
  151097.9200784658         3
  50365.9733594886         3
  16788.6577864962         3
  5596.219262165399         3
  1865.4064207217998         4
  621.8021402405999         4
  207.26738008019996         4
  69.08912669339999         4
  23.029708897799996         4
  7.676569632599999         4
  2.5588565441999997         4
  0.8529521814      6
  0.2843173938         4
  0.0947724646         3