5
   30    0    0
1.07994817E+08
2.49640006E+07
7.23382536E+06
2.34324672E+06
8.32309928E+05
3.18220237E+05
1.29641482E+05
5.56973330E+04
2.50349329E+04
1.17028799E+04
5.64851040E+03
2.79850012E+03
1.41909835E+03
7.34531913E+02
3.86932007E+02
2.07005354E+02
1.12260399E+02
6.14860096E+01
3.37962845E+01
1.82272135E+01
1.00304346E+01
5.54067579E+00
2.98874347E+00
1.59215248E+00
8.38750984E-01
4.32271465E-01
1.61206536E-01
8.21347401E-02
4.10592201E-02
2.05790041E-02
   20    0    0
2.75368550E+05
4.16840314E+04
9.91740609E+03
3.07526078E+03
1.13105675E+03
4.66489565E+02
2.08497637E+02
9.88547044E+01
4.90082025E+01
2.50247803E+01
1.30456256E+01
6.89443182E+00
3.61393655E+00
1.86619598E+00
9.47721508E-01
4.70622842E-01
2.00698997E-01
9.25111502E-02
4.19844711E-02
1.89580992E-02
   12    0    0
4.92934962E+02
1.45460331E+02
5.58446074E+01
2.44200972E+01
1.13870540E+01
5.56074114E+00
2.78888840E+00
1.39678264E+00
6.88077493E-01
3.30135093E-01
1.52277720E-01
6.59253051E-02
    4    0    0
4.26436723E+00
1.32623476E+00
4.09799939E-01
1.26626142E-01
    3    0    0
2.64420847E+00
7.08681624E-01
1.89935722E-01
    2    0    0
1.75121341E+00
4.69347549E-01



** Available from the Dirac web site, http://dirac.chem.sdu.dk **