3
   16    0    0
    1.13028951E+06
    1.39955009E+05
    2.80844948E+04
    7.26777444E+03
    2.21482853E+03
    7.57828283E+02
    2.82909620E+02
    1.13287460E+02
    4.76010543E+01
    1.52556093E+01
    6.33261976E+00
    1.73185288E+00
    6.98426107E-01
    9.91906655E-02
    3.80646451E-02
    9.47375746E-03
   12    0    0
    2.08104978E+03
    4.54076516E+02
    1.40023428E+02
    5.09946664E+01
    2.02404678E+01
    8.40339167E+00
    3.34548422E+00
    1.39626867E+00
    5.56570418E-01
    1.15351730E-01
    3.59284618E-02
    7.55252279E-03
    7    0    0
    4.51062513E+01
    1.27670271E+01
    4.39818271E+00
    1.60665713E+00
    5.60393079E-01
    1.73545369E-01
    4.73459660E-02
    2    0    0
    1.38970422E+00
    2.58091600E-01
#Extracted from:
# basis dyall.aae2z
#K.G. Dyall, Theor. Chem. Acc. (2016) 135:128
#https://doi.org/10.5281/zenodo.7574628
