4
   24    0    0
    4.23722214E+07
    6.30322385E+06
    1.33715295E+06
    3.47578027E+05
    1.04552789E+05
    3.51159501E+04
    1.28638411E+04
    5.05433598E+03
    2.10386443E+03
    9.18979484E+02
    4.17991468E+02
    1.96701639E+02
    9.51682025E+01
    4.66534901E+01
    2.14102942E+01
    1.07019215E+01
    5.34888299E+00
    2.42049718E+00
    1.16329541E+00
    5.30805738E-01
    1.31924422E-01
    6.21860481E-02
    2.77480355E-02
    8.12540611E-03
   17    0    0
    2.31772578E+04
    4.12398785E+03
    1.15479981E+03
    4.02788701E+02
    1.59951488E+02
    6.92236071E+01
    3.17071694E+01
    1.50178036E+01
    7.26823058E+00
    3.47657993E+00
    1.68494920E+00
    8.15083842E-01
    3.89008038E-01
    1.39407960E-01
    5.63084528E-02
    2.29182057E-02
    5.46264607E-03
   10    0    0
    1.58607501E+02
    4.69480172E+01
    1.76449487E+01
    7.31584809E+00
    3.22721194E+00
    1.43324988E+00
    6.19533238E-01
    2.54849078E-01
    9.61006770E-02
    3.06454301E-02
    4    0    0
    3.02407452E+01
    2.72712177E+00
    7.03969696E-01
    1.81720280E-01
    2    0    0
    1.49342542E+00
    3.85507624E-01
#Extracted from:
# basis dyall.aae3z
#K.G. Dyall, Theor. Chem. Acc. (2016) 135:128
#https://doi.org/10.5281/zenodo.7574628
