5
   31    0    0
    5.25920449E+07
    1.39787655E+07
    4.74867098E+06
    1.78121512E+06
    7.31363865E+05
    3.17401995E+05
    1.45112450E+05
    6.88759041E+04
    3.38327961E+04
    1.70606893E+04
    8.80429257E+03
    4.62950620E+03
    2.47664248E+03
    1.34663116E+03
    7.46247261E+02
    4.21381399E+02
    2.41778720E+02
    1.40569710E+02
    8.31793185E+01
    4.93955561E+01
    2.87468979E+01
    1.70749829E+01
    1.00522684E+01
    5.72688489E+00
    3.02029726E+00
    1.73636192E+00
    9.32921938E-01
    4.38926567E-01
    2.07779317E-01
    8.77632229E-02
    2.54284640E-02
   30    0    0
    7.28934205E+07
    2.76496041E+07
    1.05792477E+07
    4.19810247E+06
    1.71661308E+06
    7.20133863E+05
    3.08881295E+05
    1.35218727E+05
    6.03617722E+04
    2.74843203E+04
    1.27827320E+04
    6.08722594E+03
    2.97492401E+03
    1.49292818E+03
    7.68792029E+02
    4.05031963E+02
    2.17433245E+02
    1.19168866E+02
    6.58178806E+01
    3.61829562E+01
    2.04080421E+01
    1.12342402E+01
    6.10370292E+00
    3.22627225E+00
    1.66150905E+00
    8.08020682E-01
    3.44252638E-01
    1.41372447E-01
    5.31481958E-02
    1.79837230E-02
   21    0    0
    3.12045231E+05
    7.14672651E+04
    2.22105255E+04
    8.21254990E+03
    3.43227294E+03
    1.57064533E+03
    7.68500744E+02
    3.95885837E+02
    2.11451384E+02
    1.16204078E+02
    6.46979498E+01
    3.59849316E+01
    2.03515140E+01
    1.14335465E+01
    6.26602894E+00
    3.37292288E+00
    1.72336847E+00
    8.44325586E-01
    3.83551412E-01
    1.41794524E-01
    5.35421900E-02
   14    0    0
    2.93563347E+03
    9.60999230E+02
    4.01369025E+02
    1.88998406E+02
    9.52015467E+01
    4.97451126E+01
    2.65287068E+01
    1.41893035E+01
    7.44719463E+00
    3.80207016E+00
    1.83426979E+00
    7.54241563E-01
    3.43336790E-01
    1.68494580E-01
    6    0    0
    2.38107457E+02
    7.96588730E+01
    2.81886220E+01
    1.07227520E+01
    4.20088120E+00
    1.50085240E+00
    2    0    0
    5.39721930E+01
    7.57737450E+00
#Extracted from:
# basis dyall.aae3z
#K.G. Dyall, Theor. Chem. Acc. (2016) 135:128
#https://doi.org/10.5281/zenodo.7574628

