4
   27    0    0
    5.25589660E+07
    1.39622807E+07
    4.73580777E+06
    1.77055155E+06
    7.21438834E+05
    3.08728868E+05
    1.37769819E+05
    6.31102557E+04
    2.95481902E+04
    1.40571584E+04
    6.78665037E+03
    3.32284017E+03
    1.65532803E+03
    8.34251093E+02
    4.31714084E+02
    2.28450220E+02
    1.23329160E+02
    6.77383376E+01
    3.44769397E+01
    1.96687234E+01
    9.71913239E+00
    5.35865868E+00
    2.24658072E+00
    1.14580781E+00
    3.79419796E-01
    1.45755955E-01
    3.23551340E-02
   24    0    0
    4.50079474E+07
    1.25887001E+07
    3.82527515E+06
    1.24107592E+06
    4.23497767E+05
    1.50750108E+05
    5.57553472E+04
    2.14132811E+04
    8.56301977E+03
    3.57984955E+03
    1.56686094E+03
    7.16151398E+02
    3.39848795E+02
    1.64014961E+02
    8.22626489E+01
    4.02034342E+01
    2.08756913E+01
    9.96460376E+00
    5.01432190E+00
    2.11448402E+00
    9.40561230E-01
    2.93186959E-01
    8.92968449E-02
    2.34310560E-02
   18    0    0
    8.83574648E+04
    2.05729720E+04
    6.58130697E+03
    2.52237884E+03
    1.08894908E+03
    5.10258847E+02
    2.53088086E+02
    1.30617020E+02
    6.88645118E+01
    3.63215132E+01
    1.95080977E+01
    1.02633964E+01
    5.29989718E+00
    2.64229268E+00
    1.24755275E+00
    5.46674430E-01
    2.07169726E-01
    8.19822830E-02
   11    0    0
    1.55874574E+03
    5.16482517E+02
    2.16090441E+02
    1.00375884E+02
    4.91918626E+01
    2.47415547E+01
    1.24172009E+01
    6.07887380E+00
    2.84454763E+00
    1.19184727E+00
    3.56439300E-01
    2    0    0
    4.65156190E+01
    6.78364000E+00
#Extracted from:
# basis dyall.aae2z
#K.G. Dyall, Theor. Chem. Acc. (2016) 135:128
#https://doi.org/10.5281/zenodo.7574628
