4
   35    0    0
5.25924042E+07
1.39786639E+07
4.74856617E+06
1.78116779E+06
7.31532502E+05
3.17731863E+05
1.45570946E+05
6.93830899E+04
3.43691468E+04
1.75966225E+04
9.32921669E+03
5.12878219E+03
2.98100204E+03
2.00438650E+03
1.43170464E+03
8.84763220E+02
5.46049200E+02
3.46987096E+02
2.26498640E+02
1.44727104E+02
9.57744976E+01
6.42001428E+01
4.33513402E+01
2.84369578E+01
1.85078189E+01
1.21733914E+01
7.59651688E+00
4.78373460E+00
2.92185735E+00
1.82054393E+00
1.11983838E+00
6.87400090E-01
3.51783240E-01
1.73895855E-01
7.53124545E-02
   35    0    0
8.93246819E+07
3.89712442E+07
1.66943502E+07
7.31554976E+06
3.27713614E+06
1.49736978E+06
6.96070208E+05
3.28752702E+05
1.57544646E+05
7.65176570E+04
3.76554718E+04
1.88023194E+04
9.54900475E+03
4.94360639E+03
2.61315371E+03
1.41145997E+03
7.79694086E+02
4.40153287E+02
2.53306745E+02
1.48995465E+02
8.95792122E+01
5.43943689E+01
3.37144210E+01
2.13163157E+01
1.32966028E+01
8.13703554E+00
4.94917227E+00
2.95267920E+00
1.74192612E+00
1.00892452E+00
5.69421784E-01
3.01956499E-01
1.52524012E-01
7.38304128E-02
3.43311967E-02
   24    0    0
1.32297364E+06
3.01410573E+05
9.23876746E+04
3.33631141E+04
1.35134132E+04
5.98288898E+03
2.84773093E+03
1.43697264E+03
7.59249954E+02
4.16481893E+02
2.34908042E+02
1.35585871E+02
7.93428876E+01
4.67303882E+01
2.78548689E+01
1.66653603E+01
9.90368697E+00
5.82324837E+00
3.38748080E+00
1.93312913E+00
1.06912481E+00
5.69840840E-01
2.87485417E-01
1.26036933E-01
   16    0    0
7.87052991E+03
2.50204991E+03
1.02993794E+03
4.83696914E+02
2.46996228E+02
1.32635146E+02
7.38892678E+01
4.18942948E+01
2.40986042E+01
1.38706840E+01
7.86604040E+00
4.41990975E+00
2.44385042E+00
1.29548185E+00
5.87285453E-01
2.27770312E-01
    1    0    0
4.54121580E-01



** Available from the Dirac web site, http://dirac.chem.sdu.dk **