20
  53314305.54095179      0
  11847623.453544842      0
  3949207.8178482805         3
  1316402.6059494268         3
  438800.8686498089         3
  146266.95621660296         3
  48755.65207220099         4
  16251.884024066996         4
  5417.294674688998         4
  1805.7648915629995         5
  601.9216305209999         5
  200.64054350699996         5
  66.88018116899998         5
  22.293393722999994         5
  7.431131240999998         5
  2.4770437469999993         6
  0.8256812489999997         7
  0.27522708299999993         6
  0.09174236099999998         3
  0.030580786999999995         3
