19
  39056466.04160757      0
  8679214.675912796      0
  2893071.5586375985         3
  964357.1862125328         3
  321452.3954041776         3
  107150.7984680592         3
  35716.9328226864         3
  11905.6442742288         3
  3968.5480914096         4
  1322.8493638032         4
  440.94978793440004         5
  146.98326264480002         5
  48.99442088160001         5
  16.3314736272         5
  5.443824542400001         5
  1.8146081808000003         5
  0.6048693936000001         5
  0.20162313120000006         3
  0.06720771040000002         3
