20
  53314305.54095179      0
  11847623.453544842      0
  3949207.8178482805         2
  1316402.6059494268         2
  438800.8686498089         2
  146266.95621660296         2
  48755.65207220099         3
  16251.884024066996         3
  5417.294674688998         3
  1805.7648915629995         4
  601.9216305209999         4
  200.64054350699996         4
  66.88018116899998         4
  22.293393722999994         4
  7.431131240999998         4
  2.4770437469999993         5
  0.8256812489999997         6
  0.27522708299999993         5
  0.09174236099999998         2
  0.030580786999999995         2
