19
  39056466.04160757      0
  8679214.675912796      0
  2893071.5586375985         2
  964357.1862125328         2
  321452.3954041776         2
  107150.7984680592         2
  35716.9328226864         2
  11905.6442742288         2
  3968.5480914096         3
  1322.8493638032         3
  440.94978793440004         4
  146.98326264480002         4
  48.99442088160001         4
  16.3314736272         4
  5.443824542400001         4
  1.8146081808000003         4
  0.6048693936000001         4
  0.20162313120000006         2
  0.06720771040000002         2
