31
  144327459.10351953      2
  36081864.77587988      2
  18040932.38793994         2
  9020466.19396997         2
  4510233.096984985         2
  2255116.5484924926         2
  1127558.2742462463         2
  563779.1371231232         2
  281889.5685615616         2
  140944.7842807808         2
  70472.3921403904         2
  35236.1960701952         2
  17618.0980350976         2
  8809.0490175488         2
  4404.5245087744         4
  2202.2622543872         4
  1101.1311271936         4
  550.5655635968         4
  275.2827817984         4
  137.6413908992         4
  68.8206954496         4
  34.4103477248         4
  17.2051738624         4
  8.6025869312         4
  4.3012934656         4
  2.1506467328         4
  1.0753233664         4
  0.5376616832         4
  0.2688308416         4
  0.1344154208         2
  0.0672077104         2
