20
  81000554.31008996      0
  18000123.180019993      0
  6000041.060006664         3
  2000013.686668888         3
  666671.2288896294         3
  222223.74296320978         3
  74074.5809877366         3
  24691.526995912198         3
  8230.508998637399         4
  2743.5029995457994         4
  914.5009998485998         5
  304.83366661619993         5
  101.61122220539998         5
  33.870407401799994         5
  11.290135800599998         5
  3.7633786001999994         5
  1.2544595333999997         5
  0.4181531777999999         6
  0.13938439259999996         5
  0.04646146419999999         3
