19
  46210645.74275966      0
  10269032.387279924      0
  3423010.7957599745         3
  1141003.5985866582         3
  380334.53286221944         3
  126778.1776207398         3
  42259.392540246605         4
  14086.464180082201         4
  4695.4880600274         4
  1565.1626866758         5
  521.7208955586         5
  173.90696518619998         5
  57.9689883954         5
  19.3229961318         5
  6.4409987106         5
  2.1469995701999998         5
  0.7156665233999999         5
  0.23855550779999998         4
  0.0795185026         3
