30
  141359010.71050015      2
  35339752.67762504      2
  17669876.33881252         2
  8834938.16940626         2
  4417469.08470313         2
  2208734.542351565         2
  1104367.2711757824         2
  552183.6355878912         2
  276091.8177939456         2
  138045.9088969728         2
  69022.9544484864         2
  34511.4772242432         2
  17255.7386121216         4
  8627.8693060608         4
  4313.9346530304         4
  2156.9673265152         4
  1078.4836632576         4
  539.2418316288         4
  269.6209158144         4
  134.8104579072         4
  67.4052289536         4
  33.7026144768         4
  16.8513072384         4
  8.4256536192         4
  4.2128268096         4
  2.1064134048         4
  1.0532067024         4
  0.5266033512         4
  0.2633016756         2
  0.1316508378         2
