20
  102693865.19309106      0
  22820858.931798015      0
  7606952.977266005         2
  2535650.992422002         2
  845216.9974740007         2
  281738.9991580002         3
  93912.99971933341         3
  31304.333239777803         3
  10434.777746592601         3
  3478.2592488642003         4
  1159.4197496214001         4
  386.47324987380006         4
  128.82441662460002         4
  42.941472208200004         4
  14.3138240694         4
  4.7712746898         4
  1.5904248966         4
  0.5301416322      6
  0.1767138774         3
  0.0589046258         2