19
  76506347.93660353      0
  17001410.652578562      0
  5667136.884192854         3
  1889045.6280642848         3
  629681.8760214283         3
  209893.95867380942         3
  69964.65289126981         3
  23321.550963756603         3
  7773.850321252201         4
  2591.2834404174005         4
  863.7611468058002         5
  287.92038226860006         5
  95.97346075620003         5
  31.99115358540001         5
  10.663717861800004         5
  3.5545726206000015         5
  1.1848575402000006         4
  0.3949525134000002         4
  0.13165083780000006         3
