20
  102693865.19309106      0
  22820858.931798015      0
  7606952.977266005         3
  2535650.992422002         3
  845216.9974740007         3
  281738.9991580002         4
  93912.99971933341         4
  31304.333239777803         4
  10434.777746592601         4
  3478.2592488642003         5
  1159.4197496214001         5
  386.47324987380006         5
  128.82441662460002         5
  42.941472208200004         5
  14.3138240694         5
  4.7712746898         5
  1.5904248966         5
  0.5301416322      6
  0.1767138774         4
  0.0589046258         3