19
  76506347.93660353      0
  17001410.652578562      0
  5667136.884192854         2
  1889045.6280642848         2
  629681.8760214283         2
  209893.95867380942         2
  69964.65289126981         2
  23321.550963756603         2
  7773.850321252201         3
  2591.2834404174005         3
  863.7611468058002         4
  287.92038226860006         4
  95.97346075620003         4
  31.99115358540001         4
  10.663717861800004         4
  3.5545726206000015         4
  1.1848575402000006         3
  0.3949525134000002         3
  0.13165083780000006         2
