  31 
70679505.35525 0 
141359010.71050 2 
35339752.67763 2 
17669876.33881 2 
8834938.16941 2 
4417469.08470 2 
2208734.54235 2 
1104367.27118 2 
552183.63559 2 
276091.81779 2 
138045.90890 2 
69022.95445 2 
34511.47722 2 
17255.73861 2 
8627.86931 2 
4313.93465 2 
2156.96733 2 
1078.48366 2 
 539.24183 2 
 269.62092 2 
 134.81046 4 
  67.40523 4 
  33.70261 4 
  16.85131 4 
   8.42565 4 
   4.21283 4 
   2.10641 4 
   1.05321 4 
   0.52660 4 
   0.26330 4 
   0.13165 4 
# File generated from repository/home/belp/EMBEDDING/berthainputbasis/Pb/basis/dyall_2zp.txt
# using the Demon Style see the Demon Manual 
# koster et al. 
# One diffuse function has been added 
