4
   30    0    0
6.26557070E+07
1.66799660E+07
5.71455573E+06
2.17849771E+06
9.08259290E+05
3.99782342E+05
1.84025972E+05
8.74176091E+04
4.26566156E+04
2.12815094E+04
1.08306261E+04
5.60832544E+03
2.94932441E+03
1.57299248E+03
8.49903454E+02
4.64635475E+02
2.54559286E+02
1.41952066E+02
7.96745323E+01
4.38085683E+01
2.53906014E+01
1.44301622E+01
7.76860402E+00
4.25156806E+00
2.10232188E+00
1.12441609E+00
5.54664820E-01
1.89433942E-01
8.35966387E-02
3.61515649E-02
   24    0    0
2.48528268E+07
4.97869821E+06
1.22172119E+06
3.41766894E+05
1.05803433E+05
3.57111011E+04
1.30672506E+04
5.16635447E+03
2.19315193E+03
9.90010707E+02
4.69659438E+02
2.31678328E+02
1.18017066E+02
6.12372161E+01
3.27752726E+01
1.75850063E+01
9.17824141E+00
4.75262779E+00
2.30848545E+00
1.12927921E+00
5.17361591E-01
1.81009789E-01
7.04237184E-02
2.67125639E-02
   15    0    0
1.30076028E+04
3.32472136E+03
1.17328227E+03
4.88476841E+02
2.24112930E+02
1.09624763E+02
5.56278835E+01
2.89510340E+01
1.50030823E+01
7.60835220E+00
3.77609459E+00
1.73446034E+00
7.66615746E-01
3.13736839E-01
1.15376445E-01
   11    0    0
7.01737751E+02
2.39283326E+02
1.01882436E+02
4.79525186E+01
2.38412853E+01
1.21080600E+01
6.09289243E+00
2.96414114E+00
1.31820351E+00
4.33544605E-01
1.42588700E-01
    2    0    0
9.32313128E-01
3.06628930E-01



** Available from the Dirac web site, http://dirac.chem.sdu.dk **