3
   24    0    0
5.86240443E+07
1.45733454E+07
4.49087581E+06
1.50308248E+06
5.38751186E+05
2.03189396E+05
8.02552416E+04
3.30144272E+04
1.40949280E+04
6.22342920E+03
2.83333232E+03
1.32637599E+03
6.35231652E+02
2.96450409E+02
1.48905039E+02
7.64707995E+01
3.71687305E+01
1.94587421E+01
8.73252373E+00
4.38075762E+00
1.48134344E+00
6.73039215E-01
1.40696570E-01
5.06848198E-02
   19    0    0
6.09940639E+06
9.26349664E+05
1.92779539E+05
4.85880292E+04
1.42681909E+04
4.78873895E+03
1.80021216E+03
7.40603962E+02
3.25551719E+02
1.50051704E+02
7.04777000E+01
3.47383843E+01
1.72631715E+01
8.26900882E+00
3.95518753E+00
1.52857591E+00
6.12544673E-01
1.33700784E-01
4.07844370E-02
   12    0    0
4.13017941E+03
1.11732959E+03
4.07553432E+02
1.71223925E+02
7.78654744E+01
3.69841212E+01
1.76754303E+01
8.30876302E+00
3.78391760E+00
1.45512934E+00
5.44288137E-01
1.75374449E-01
    9    0    0
3.52899412E+02
1.19840640E+02
4.98999182E+01
2.26437753E+01
1.05750412E+01
4.87368019E+00
2.13564606E+00
8.19145346E-01
2.46251920E-01



** Available from the Dirac web site, http://dirac.chem.sdu.dk **