5
   34    0    0
6.26324567E+07
1.66683769E+07
5.70970969E+06
2.17734405E+06
9.09232390E+05
4.01717475E+05
1.86246452E+05
8.94300936E+04
4.42430397E+04
2.24226154E+04
1.16155634E+04
6.13922679E+03
3.30775905E+03
1.81655419E+03
1.01771939E+03
5.82774569E+02
3.42589179E+02
2.08435403E+02
1.28971512E+02
7.91277281E+01
4.61308928E+01
2.89620756E+01
1.84193836E+01
1.23195095E+01
7.26388789E+00
4.25954637E+00
2.31315045E+00
1.38631942E+00
8.06184291E-01
4.66607005E-01
2.24109504E-01
1.16296220E-01
5.87342643E-02
2.90020584E-02
   30    0    0
5.60878134E+07
1.61538923E+07
5.06771092E+06
1.71643431E+06
6.17777869E+05
2.34059553E+05
9.28003447E+04
3.84183296E+04
1.66143717E+04
7.50847642E+03
3.54133412E+03
1.73826058E+03
8.84520694E+02
4.64035134E+02
2.49746302E+02
1.37100676E+02
7.63264364E+01
4.32857641E+01
2.50170900E+01
1.44179023E+01
8.12489271E+00
4.59044682E+00
2.53894005E+00
1.38832173E+00
7.43806471E-01
3.88242182E-01
1.77307459E-01
8.31780465E-02
3.88964320E-02
1.80726598E-02
   19    0    0
6.46118937E+04
1.55205596E+04
5.16732275E+03
2.05743489E+03
9.20671223E+02
4.46581658E+02
2.29002690E+02
1.22411109E+02
6.71542035E+01
3.75891436E+01
2.11692410E+01
1.18042585E+01
6.50058337E+00
3.52305319E+00
1.83944376E+00
9.24892165E-01
4.45735151E-01
2.03904087E-01
8.67050347E-02
   13    0    0
1.43371089E+03
4.86065441E+02
2.07263528E+02
9.94967757E+01
5.08543122E+01
2.69732644E+01
1.45335419E+01
7.72925038E+00
3.97383438E+00
1.90676971E+00
8.09003268E-01
3.17906800E-01
1.24925000E-01
    4    0    0
2.49565040E+00
1.54836379E+00
5.61895199E-01
2.03909580E-01
    2    0    0
1.17632329E+00
4.26883150E-01



** Available from the Dirac web site, http://dirac.chem.sdu.dk **