32
  93215272.9529221      2
  23303818.238230526      2
  11651909.119115263         2
  5825954.559557632         2
  2912977.279778816         2
  1456488.639889408         2
  728244.319944704         2
  364122.159972352         2
  182061.079986176         2
  91030.539993088         2
  45515.269996544         2
  22757.634998272         4
  11378.817499136         4
  5689.408749568         4
  2844.704374784         4
  1422.352187392         4
  711.176093696         4
  355.588046848         4
  177.794023424         4
  88.897011712         4
  44.448505856         4
  22.224252928         4
  11.112126464         4
  5.556063232         4
  2.778031616         4
  1.389015808         4
  0.694507904         4
  0.347253952         4
  0.173626976         2
  0.086813488         2
  0.043406744         2
  0.021703372         2
