20
  37837489.469350085      0
  8408330.993188908      0
  2802776.9977296363         3
  934258.999243212         3
  311419.666414404         3
  103806.555471468         3
  34602.185157156004         3
  11534.061719052         4
  3844.6872396840004         4
  1281.5624132280002         5
  427.18747107600007         5
  142.39582369200002         5
  47.465274564000005         5
  15.821758188000002         5
  5.273919396000001         5
  1.7579731320000003         4
  0.5859910440000001         4
  0.19533034800000004         3
  0.06511011600000001         3
  0.021703372000000002         3
