21
  61099550.156897515      0
  13577677.812643893      0
  4525892.604214631         3
  1508630.8680715438         3
  502876.9560238479         4
  167625.6520079493         4
  55875.2173359831         4
  18625.0724453277         4
  6208.3574817759         5
  2069.4524939253         5
  689.8174979751001         5
  229.93916599170004         5
  76.64638866390001         5
  25.548796221300005         5
  8.516265407100002         5
  2.838755135700001         5
  0.9462517119000003         6
  0.3154172373000001         5
  0.10513907910000003         4
  0.03504635970000001         3
  0.011682119900000003         3
