21
  61099550.156897515      0
  13577677.812643893      0
  4525892.604214631         2
  1508630.8680715438         2
  502876.9560238479         3
  167625.6520079493         3
  55875.2173359831         3
  18625.0724453277         3
  6208.3574817759         4
  2069.4524939253         4
  689.8174979751001         4
  229.93916599170004         4
  76.64638866390001         4
  25.548796221300005         4
  8.516265407100002         4
  2.838755135700001         4
  0.9462517119000003         5
  0.3154172373000001         4
  0.10513907910000003         3
  0.03504635970000001         2
  0.011682119900000003         2
