21
  75679390.45319217      0
  16817642.32293159      0
  5605880.77431053         3
  1868626.9247701766         3
  622875.6415900589         3
  207625.21386335298         3
  69208.40462111766         4
  23069.46820703922         4
  7689.82273567974         4
  2563.2742452265798         5
  854.42474840886         5
  284.80824946961997         5
  94.93608315654         5
  31.645361052179997         5
  10.548453684059998         5
  3.5161512280199996         5
  1.17205040934         5
  0.39068346977999996         5
  0.13022782326         4
  0.04340927442         3
  0.014469758139999999         3
