20
  37837489.469350085      2
  8408330.993188908      2
  2802776.9977296363         2
  934258.999243212         2
  311419.666414404         2
  103806.555471468         2
  34602.185157156004         2
  11534.061719052         4
  3844.6872396840004         4
  1281.5624132280002         4
  427.18747107600007         4
  142.39582369200002         4
  47.465274564000005         4
  15.821758188000002         4
  5.273919396000001         4
  1.7579731320000003         4
  0.5859910440000001         4
  0.19533034800000004         2
  0.06511011600000001         2
  0.021703372000000002         2
