3
   27    0    0
5.69630961E+07
1.47558891E+07
4.79624375E+06
1.69317756E+06
6.38004941E+05
2.50854751E+05
1.02530484E+05
4.33247507E+04
1.88833063E+04
8.46686777E+03
3.89744796E+03
1.83823557E+03
8.85366034E+02
4.21553074E+02
2.12904353E+02
1.10053812E+02
5.39654059E+01
2.85668194E+01
1.32689507E+01
7.00408107E+00
2.76305078E+00
1.42154544E+00
4.37356599E-01
1.90085430E-01
7.82410150E-02
3.02896085E-02
1.39926505E-02
   24    0    0
2.23329240E+07
4.40212227E+06
1.06185638E+06
2.91488445E+05
8.84782509E+04
2.92886180E+04
1.05235754E+04
4.09333750E+03
1.71239751E+03
7.62025844E+02
3.56063114E+02
1.72502876E+02
8.46581820E+01
4.32526640E+01
2.19919582E+01
1.10856262E+01
5.61918066E+00
2.59914486E+00
1.20920922E+00
4.18671296E-01
1.58679899E-01
6.53141920E-02
2.64324832E-02
1.08516860E-02
   15    0    0
1.54755674E+04
3.89833144E+03
1.35839627E+03
5.59356427E+02
2.54268509E+02
1.23206033E+02
6.20574287E+01
3.18981161E+01
1.62413605E+01
8.21563086E+00
4.03627378E+00
1.93090740E+00
8.71728483E-01
3.43448617E-01
1.06983930E-01
    8    0    0
6.41664157E+02
2.17267788E+02
9.16350256E+01
4.23759816E+01
2.05140277E+01
9.97658782E+00
4.73487106E+00
2.06508071E+00



** Available from the Dirac web site, http://dirac.chem.sdu.dk **