3
   34    0    0
5.84196158E+07
1.55489550E+07
5.32052997E+06
2.02463280E+06
8.44514761E+05
3.73024103E+05
1.73063388E+05
8.30943141E+04
4.10470458E+04
2.07234456E+04
1.06624138E+04
5.57596093E+03
2.95949290E+03
1.59211136E+03
8.66647585E+02
4.74626472E+02
2.65685980E+02
1.50639792E+02
8.63135729E+01
5.04487758E+01
2.95248801E+01
1.70665602E+01
9.88867584E+00
5.74936667E+00
3.40996084E+00
1.89469745E+00
1.04681411E+00
5.33574655E-01
2.72443061E-01
1.35952190E-01
6.30440000E-02
3.95071293E-02
2.14641119E-02
1.11329999E-02
   30    0    0
4.91216192E+07
1.36496714E+07
4.16654993E+06
1.37525890E+06
4.82822160E+05
1.78632351E+05
6.92795002E+04
2.81096909E+04
1.19362332E+04
5.30832703E+03
2.47003764E+03
1.19844186E+03
6.02692163E+02
3.12357243E+02
1.65512337E+02
8.89694352E+01
4.90855952E+01
2.72188201E+01
1.48396883E+01
8.16682727E+00
4.39962249E+00
2.33315518E+00
1.20395993E+00
5.63616073E-01
2.62575587E-01
1.18122871E-01
5.47761560E-02
3.36812410E-02
1.52390997E-02
7.23487907E-03
   19    0    0
5.18182539E+04
1.24611481E+04
4.15247688E+03
1.65436553E+03
7.39821035E+02
3.57135609E+02
1.82080645E+02
9.61576628E+01
5.21264869E+01
2.84920445E+01
1.54160560E+01
8.33391609E+00
4.43818447E+00
2.29598719E+00
1.15583880E+00
5.55490414E-01
2.44408603E-01
8.86904540E-02
5.00829277E-02
   12    0    0
1.31948775E+03
4.45835513E+02
1.89257078E+02
9.00659061E+01
4.54248602E+01
2.37114913E+01
1.24246133E+01
6.42061937E+00
3.14407465E+00
1.27780943E+00
4.99564783E-01
1.81280960E-01



** Available from the Dirac web site, http://dirac.chem.sdu.dk **