4
   37    0    0
5.84371051E+07
1.55579549E+07
5.32804397E+06
2.03091859E+06
8.50374715E+05
3.78346398E+05
1.77878242E+05
8.71715150E+04
4.43144338E+04
2.31937946E+04
1.24426665E+04
6.80445190E+03
3.78334722E+03
2.14099476E+03
1.24157665E+03
7.48288736E+02
4.74581374E+02
3.01821968E+02
1.88385030E+02
1.16651426E+02
7.27817685E+01
4.59110080E+01
2.86915853E+01
1.78061408E+01
1.06375341E+01
6.41350169E+00
3.81882595E+00
2.20757227E+00
1.27918777E+00
7.10988809E-01
3.81255367E-01
1.99335420E-01
9.36807871E-02
5.64346524E-02
2.93503774E-02
1.80372852E-02
1.03189773E-02
   35    0    0
7.22147330E+07
2.55079174E+07
9.26438440E+06
3.53690582E+06
1.40633248E+06
5.79331856E+05
2.46076546E+05
1.07624065E+05
4.84746946E+04
2.24894912E+04
1.07494095E+04
5.29710662E+03
2.69154441E+03
1.40902363E+03
7.58236274E+02
4.18117168E+02
2.35483755E+02
1.34426216E+02
7.73036219E+01
4.53285594E+01
2.65146153E+01
1.53257454E+01
8.96446508E+00
5.20832153E+00
2.96110393E+00
1.66122030E+00
9.10335099E-01
4.81569142E-01
2.50864374E-01
1.32930773E-01
7.27408686E-02
3.62763803E-02
1.94357307E-02
1.06374849E-02
5.84105995E-03
   23    0    0
2.79786056E+05
6.54421545E+04
2.08970031E+04
7.91486282E+03
3.38806410E+03
1.58918637E+03
7.98166481E+02
4.21572630E+02
2.31522688E+02
1.30987202E+02
7.56950813E+01
4.45716053E+01
2.63739717E+01
1.54682097E+01
9.10892022E+00
5.32796809E+00
3.06217039E+00
1.72483547E+00
9.44442640E-01
5.10584553E-01
2.17398439E-01
9.21833016E-02
2.59769998E-02
   15    0    0
3.34078214E+03
1.10226551E+03
4.66855413E+02
2.23464869E+02
1.15729150E+02
6.26185896E+01
3.49925762E+01
1.98336061E+01
1.12580788E+01
6.34305699E+00
3.48321822E+00
1.80666069E+00
6.89910254E-01
3.22402675E-01
6.43923356E-02
    2    0    0
5.57575128E-01
2.51580070E-01



** Available from the Dirac web site, http://dirac.chem.sdu.dk **