29
  83661477.36961024      2
  20915369.34240256      2
  10457684.67120128         2
  5228842.33560064         2
  2614421.16780032         2
  1307210.58390016         2
  653605.29195008         2
  326802.64597504         2
  163401.32298752         2
  81700.66149376         2
  40850.33074688         2
  20425.16537344         4
  10212.58268672         4
  5106.29134336         4
  2553.14567168         4
  1276.57283584         4
  638.28641792         4
  319.14320896         4
  159.57160448         4
  79.78580224         4
  39.89290112         4
  19.94645056         4
  9.97322528         4
  4.98661264         4
  2.49330632         4
  1.24665316         4
  0.62332658         4
  0.31166329         2
  0.155831645         2
