19
  90558558.1613616      0
  20124124.035858136      0
  6708041.345286045         3
  2236013.781762015         3
  745337.927254005         3
  248445.975751335         3
  82815.325250445         3
  27605.108416815         3
  9201.702805605         4
  3067.234268535         4
  1022.411422845         5
  340.803807615         5
  113.601269205         5
  37.867089735         5
  12.622363245         5
  4.207454415         5
  1.402484805         4
  0.467494935         4
  0.155831645         3
