20
  114763941.57847276      0
  25503098.1285495      0
  8501032.709516501         2
  2833677.5698388335         2
  944559.1899462779         2
  314853.06331542594         3
  104951.02110514198         3
  34983.67370171399         3
  11661.224567237996         3
  3887.074855745999         4
  1295.6916185819996         4
  431.89720619399986         4
  143.96573539799996         4
  47.988578465999986         4
  15.996192821999996         4
  5.332064273999999         4
  1.7773547579999995         4
  0.5924515859999998      6
  0.19748386199999993         2
  0.06582795399999998         2