19
  54785397.54610799      0
  12174532.788023999      0
  4058177.5960079995         3
  1352725.8653359998         3
  450908.62177866657         3
  150302.87392622218         3
  50100.95797540739         4
  16700.3193251358         4
  5566.773108378599         4
  1855.5910361261997         5
  618.5303453753999         5
  206.17678179179995         5
  68.72559393059998         5
  22.908531310199994         5
  7.636177103399998         5
  2.5453923677999994         5
  0.8484641225999998         5
  0.2828213741999999         4
  0.09427379139999997         3
