19
  90558558.1613616      2
  20124124.035858136      2
  6708041.345286045         2
  2236013.781762015         2
  745337.927254005         2
  248445.975751335         2
  82815.325250445         2
  27605.108416815         2
  9201.702805605         4
  3067.234268535         4
  1022.411422845         4
  340.803807615         4
  113.601269205         4
  37.867089735         4
  12.622363245         4
  4.207454415         4
  1.402484805         4
  0.467494935         4
  0.155831645         2
