19
  50452787.59039965      0
  11211730.575644366      0
  3737243.525214789         3
  1245747.841738263         3
  415249.28057942097         3
  138416.426859807         4
  46138.808953269         4
  15379.602984423         4
  5126.534328141         5
  1708.8447760469999         5
  569.6149253489999         5
  189.87164178299997         5
  63.29054726099999         5
  21.096849087         5
  7.032283028999999         5
  2.3440943429999996         5
  0.7813647809999998      6
  0.26045492699999995         3
  0.08681830899999998         3