18
  39943989.1986424      0
  8876442.044142757      0
  2958814.014714252         3
  986271.3382380841         3
  328757.11274602805         3
  109585.70424867602         3
  36528.56808289201         3
  12176.189360964003         4
  4058.729786988001         4
  1352.9099289960002         4
  450.96997633200004         5
  150.323325444         5
  50.107775148         5
  16.702591716         5
  5.567530572         5
  1.855843524         4
  0.618614508         4
  0.20620483599999997         3
