19
  72299308.82601601      0
  16066513.072448002      0
  5355504.357482667         3
  1785168.119160889         3
  595056.0397202963         3
  198352.01324009875         3
  66117.33774669959         4
  22039.112582233196         4
  7346.370860744399         4
  2448.7902869147997         4
  816.2634289715999         5
  272.08780965719995         5
  90.69593655239998         5
  30.231978850799994         5
  10.077326283599998         5
  3.3591087611999995         5
  1.1197029203999997         5
  0.3732343067999999         4
  0.12441143559999997         3
