29
  110705378.36213043      2
  27676344.59053261      2
  13838172.295266304         2
  6919086.147633152         2
  3459543.073816576         2
  1729771.536908288         2
  864885.768454144         2
  432442.884227072         2
  216221.442113536         2
  108110.721056768         2
  54055.360528384         2
  27027.680264192         2
  13513.840132096         4
  6756.920066048         4
  3378.460033024         4
  1689.230016512         4
  844.615008256         4
  422.307504128         4
  211.153752064         4
  105.576876032         4
  52.788438016         4
  26.394219008         4
  13.197109504         4
  6.598554752         4
  3.299277376         4
  1.649638688         4
  0.824819344         4
  0.412409672         2
  0.206204836         2
