19
  50452787.59039965      0
  11211730.575644366      0
  3737243.525214789         2
  1245747.841738263         2
  415249.28057942097         2
  138416.426859807         3
  46138.808953269         3
  15379.602984423         3
  5126.534328141         4
  1708.8447760469999         4
  569.6149253489999         4
  189.87164178299997         4
  63.29054726099999         4
  21.096849087         4
  7.032283028999999         4
  2.3440943429999996         4
  0.7813647809999998      6
  0.26045492699999995         2
  0.08681830899999998         2