18
  39943989.1986424      2
  8876442.044142757      2
  2958814.014714252         2
  986271.3382380841         2
  328757.11274602805         2
  109585.70424867602         2
  36528.56808289201         2
  12176.189360964003         4
  4058.729786988001         4
  1352.9099289960002         4
  450.96997633200004         4
  150.323325444         4
  50.107775148         4
  16.702591716         4
  5.567530572         4
  1.855843524         4
  0.618614508         4
  0.20620483599999997         2
