2
   16    0    0
5.23346796E+05
6.78476932E+04
1.41007573E+04
3.74788004E+03
1.16599730E+03
4.05465044E+02
1.53274876E+02
6.20131036E+01
2.63465610E+01
8.55018881E+00
3.44042570E+00
8.30864665E-01
3.25541111E-01
1.36798580E-01
3.65017574E-02
1.73826462E-02
   12    0    0
1.03617736E+03
2.34142339E+02
7.31765579E+01
2.67450904E+01
1.05335610E+01
4.29680817E+00
1.62260554E+00
6.49320351E-01
2.46107895E-01
1.03419230E-01
4.00020592E-02
1.45810706E-02
    2    0    0
9.48574732E-01
3.26087470E-01



** Available from the Dirac web site, http://dirac.chem.sdu.dk **