3
   24    0    0
2.70979584E+07
3.59285638E+06
7.22263806E+05
1.83397593E+05
5.46481197E+04
1.83091338E+04
6.71250139E+03
2.64371933E+03
1.10383490E+03
4.83677665E+02
2.20624552E+02
1.04111682E+02
5.05274919E+01
2.48524676E+01
1.12810253E+01
5.51016642E+00
2.70553708E+00
1.12056868E+00
5.21390260E-01
2.33810977E-01
1.20407410E-01
4.08176995E-02
2.02297136E-02
1.12857354E-02
   17    0    0
9.53330901E+03
1.85208145E+03
5.46425069E+02
1.96694702E+02
7.96411185E+01
3.48832432E+01
1.60447892E+01
7.57563158E+00
3.63397107E+00
1.70328640E+00
8.09872309E-01
3.82073162E-01
1.77422040E-01
9.13683690E-02
5.18690952E-02
2.25843551E-02
1.02275849E-02
    4    0    0
1.56924634E+00
5.41992101E-01
1.83454480E-01
4.72026651E-02
    2    0    0
1.13400174E+00
3.83838990E-01



** Available from the Dirac web site, http://dirac.chem.sdu.dk **