4
   31    0    0
1.13549079E+08
2.44783820E+07
6.74102681E+06
2.11254518E+06
7.31996593E+05
2.73831411E+05
1.08936224E+05
4.53987752E+04
1.96582161E+04
8.82413497E+03
4.09167182E+03
1.95290834E+03
9.57195763E+02
4.80522934E+02
2.46322913E+02
1.28634800E+02
6.82901191E+01
3.66685108E+01
1.97172682E+01
1.03503073E+01
5.52191217E+00
2.96049023E+00
1.52677330E+00
7.87029581E-01
3.97742364E-01
1.97736337E-01
8.75891610E-02
4.82402564E-02
3.49678036E-02
2.11473059E-02
1.10653406E-02
   21    0    0
9.29525076E+04
1.50639829E+04
3.90192154E+03
1.29542856E+03
5.00261635E+02
2.13634900E+02
9.78926839E+01
4.72686327E+01
2.37197897E+01
1.21807594E+01
6.35814612E+00
3.35039295E+00
1.74571205E+00
9.10471140E-01
4.76562732E-01
2.52410076E-01
1.32673865E-01
5.66889679E-02
2.79319352E-02
1.42877973E-02
7.38139415E-03
    6    0    0
2.87798318E+00
1.13950837E+00
4.70229030E-01
1.63280260E-01
9.52412988E-02
2.63333825E-02
    4    0    0
1.61969149E+00
6.99098690E-01
2.42751950E-01
6.06891409E-02
    2    0    0
1.29553834E+00
4.49857020E-01



** Available from the Dirac web site, http://dirac.chem.sdu.dk **