19
  77551141.0318476      0
  17233586.89596613      0
  5744528.965322044         2
  1914842.9884406812         2
  638280.9961468937         2
  212760.33204896457         2
  70920.11068298819         2
  23640.036894329398         2
  7880.012298109799         2
  2626.6707660365996         3
  875.5569220121998         3
  291.85230733739996         3
  97.28410244579999         3
  32.4280341486         3
  10.8093447162         3
  3.6031149054         3
  1.2010383018      6
  0.4003461006         3
  0.1334487002         2