19
  77551141.0318476      0
  17233586.89596613      0
  5744528.965322044         3
  1914842.9884406812         3
  638280.9961468937         3
  212760.33204896457         3
  70920.11068298819         3
  23640.036894329398         3
  7880.012298109799         3
  2626.6707660365996         4
  875.5569220121998         4
  291.85230733739996         4
  97.28410244579999         4
  32.4280341486         4
  10.8093447162         4
  3.6031149054         4
  1.2010383018      6
  0.4003461006         4
  0.1334487002         3