18
  35681371.01589729      0
  7929193.559088287      0
  2643064.5196960955         2
  881021.5065653651         2
  293673.8355217884         3
  97891.2785072628         3
  32630.4261690876         3
  10876.8087230292         3
  3625.6029076764003         3
  1208.5343025588002         4
  402.84476751960005         4
  134.28158917320002         4
  44.76052972440001         4
  14.920176574800003         4
  4.973392191600001         4
  1.6577973972000004      5
  0.5525991324000001         4
  0.18419971080000005         3