25
  10117327.236366335      2
  2529331.809091584      2
  1264665.904545792         2
  632332.952272896         2
  316166.476136448         2
  158083.238068224         2
  79041.619034112         2
  39520.809517056         2
  19760.404758528         2
  9880.202379264         2
  4940.101189632         2
  2470.050594816         2
  1235.025297408         2
  617.512648704         2
  308.756324352         2
  154.378162176         2
  77.189081088         2
  38.594540544         2
  19.297270272         2
  9.648635136         2
  4.824317568         2
  2.412158784         2
  1.206079392         2
  0.603039696         2
  0.301519848         2
