25
  2821446.1311483905      2
  705361.5327870976      2
  352680.7663935488         2
  176340.3831967744         2
  88170.1915983872         2
  44085.0957991936         2
  22042.5478995968         2
  11021.2739497984         2
  5510.6369748992         2
  2755.3184874496         2
  1377.6592437248         2
  688.8296218624         2
  344.4148109312         2
  172.2074054656         2
  86.1037027328         4
  43.0518513664         4
  21.5259256832         4
  10.7629628416         4
  5.3814814208         4
  2.6907407104         4
  1.3453703552         4
  0.6726851776         4
  0.3363425888         2
  0.1681712944         2
  0.0840856472         2
