20
  76305317.03328544      0
  16956737.118507873      0
  5652245.706169291         1
  1884081.9020564305         1
  628027.3006854769         2
  209342.43356182563         2
  69780.8111872752         2
  23260.2703957584         2
  7753.4234652528         2
  2584.4744884176002         2
  861.4914961392001         3
  287.16383204640005         3
  95.72127734880002         3
  31.907092449600004         3
  10.635697483200001         4
  3.5452324944000004         6
  1.1817441648000002         5
  0.3939147216000001         3
  0.13130490720000002         2
  0.04376830240000001         2
