19
  30727130.047383726      0
  6828251.1216408275      0
  2276083.707213609         2
  758694.569071203         2
  252898.189690401         2
  84299.396563467         2
  28099.798854489         3
  9366.599618163         3
  3122.199872721         3
  1040.7332909069999         3
  346.91109696899997         4
  115.63703232299999         4
  38.545677440999995         4
  12.848559146999998         4
  4.282853048999999         6
  1.4276176829999996         6
  0.47587256099999986         4
  0.15862418699999994         3
  0.05287472899999998         3
