20
  76305317.03328544      0
  16956737.118507873      0
  5652245.706169291         2
  1884081.9020564305         2
  628027.3006854769         3
  209342.43356182563         3
  69780.8111872752         3
  23260.2703957584         3
  7753.4234652528         3
  2584.4744884176002         3
  861.4914961392001         4
  287.16383204640005         4
  95.72127734880002         4
  31.907092449600004         4
  10.635697483200001         5
  3.5452324944000004         7
  1.1817441648000002         6
  0.3939147216000001         4
  0.13130490720000002         3
  0.04376830240000001         3
