5
   30    0    0
7.24995023E+07
1.90568935E+07
6.37055469E+06
2.33930501E+06
9.23422496E+05
3.81579319E+05
1.64129959E+05
7.30117672E+04
3.34999401E+04
1.58091325E+04
7.65668476E+03
3.79731548E+03
1.92455150E+03
9.94948146E+02
5.23544512E+02
2.79395290E+02
1.47947415E+02
8.05877334E+01
4.40323233E+01
2.31608164E+01
1.31742401E+01
7.30974269E+00
3.83585867E+00
2.03701050E+00
9.40696718E-01
4.95616955E-01
2.41471002E-01
6.56606307E-02
3.40227902E-02
1.66890855E-02
   24    0    0
1.26902027E+07
2.10165765E+06
4.64814142E+05
1.22530944E+05
3.69782656E+04
1.25444306E+04
4.72686895E+03
1.94819647E+03
8.63419696E+02
4.05282734E+02
1.98599852E+02
1.00623242E+02
5.21104531E+01
2.72993402E+01
1.47155708E+01
7.89997266E+00
4.13813021E+00
2.14030790E+00
1.02258729E+00
4.93504072E-01
2.30551758E-01
8.41570106E-02
3.80060454E-02
1.60589563E-02
   16    0    0
9.79664708E+03
2.56437421E+03
9.22728738E+02
3.90269463E+02
1.81846058E+02
9.01622411E+01
4.65788061E+01
2.46062678E+01
1.32217510E+01
7.06537358E+00
3.68780070E+00
1.88744370E+00
9.18801068E-01
3.87265925E-01
1.54403818E-01
5.69179288E-02
   11    0    0
2.46469707E+02
8.40614188E+01
3.54496508E+01
1.61836930E+01
7.79408848E+00
3.78505255E+00
1.81036490E+00
8.32796434E-01
3.58647924E-01
1.36843202E-01
5.22129379E-02
    3    0    0
5.73908920E+00
1.60616820E+00
1.95157060E-01
    2    0    0
3.31802070E+00
4.03155250E-01



** Available from the Dirac web site, http://dirac.chem.sdu.dk **