4
   24    0    0
5.91960417E+07
1.30288379E+07
3.57159637E+06
1.08739088E+06
3.61253475E+05
1.28688121E+05
4.87134258E+04
1.94401183E+04
8.12761723E+03
3.54010513E+03
1.59865643E+03
7.45185358E+02
3.55491373E+02
1.61988575E+02
8.12174063E+01
4.12263271E+01
1.92426689E+01
9.93561196E+00
4.23618786E+00
2.08005530E+00
6.28917364E-01
2.84226847E-01
5.09300001E-02
2.14263985E-02
   19    0    0
1.56009152E+06
2.24669640E+05
4.71270146E+04
1.25187665E+04
3.99933800E+03
1.47051521E+03
5.99480304E+02
2.63196534E+02
1.21810934E+02
5.83169788E+01
2.80949666E+01
1.40058419E+01
6.75959116E+00
3.30996386E+00
1.58218082E+00
6.31785482E-01
2.56017993E-01
5.67403878E-02
2.11919582E-02
   13    0    0
3.21151433E+03
8.86972367E+02
3.28987632E+02
1.40398277E+02
6.50085160E+01
3.13966209E+01
1.55798625E+01
7.67292055E+00
3.70451778E+00
1.72590953E+00
7.13540073E-01
2.58198229E-01
8.31470491E-02
    8    0    0
9.18305837E+01
3.05830514E+01
1.19554852E+01
5.00000751E+00
2.06244396E+00
7.96687310E-01
2.66053151E-01
9.26513607E-02
    2    0    0
3.03288990E+00
3.68510500E-01



** Available from the Dirac web site, http://dirac.chem.sdu.dk **