6
   35    0    0
7.32552605E+07
1.94762794E+07
6.66516819E+06
2.53661350E+06
1.05114127E+06
4.58321373E+05
2.08259965E+05
9.75797810E+04
4.69781660E+04
2.31686265E+04
1.16972425E+04
6.04295803E+03
3.19093371E+03
1.71844867E+03
9.41883992E+02
5.24449117E+02
2.95897692E+02
1.67501422E+02
9.76126955E+01
5.80264698E+01
3.52347848E+01
2.17563009E+01
1.37856255E+01
8.51600496E+00
4.98440108E+00
2.99995407E+00
1.77350541E+00
1.01613756E+00
5.80249088E-01
3.35593337E-01
1.91722193E-01
9.38658659E-02
5.06871809E-02
2.67221328E-02
1.39508587E-02
   30    0    0
4.22553650E+07
9.78209036E+06
2.65695640E+06
8.07216275E+05
2.67485879E+05
9.53203851E+04
3.62783143E+04
1.47081593E+04
6.33940050E+03
2.89224478E+03
1.38727169E+03
6.94507705E+02
3.60317157E+02
1.92281765E+02
1.05031483E+02
5.81379441E+01
3.23874055E+01
1.84432287E+01
1.06396986E+01
6.13666342E+00
3.47823917E+00
1.96649594E+00
1.08319115E+00
5.87327768E-01
3.19442159E-01
1.73429214E-01
8.60164451E-02
4.40832853E-02
2.23938536E-02
1.12626484E-02
   19    0    0
2.93791058E+04
7.30877556E+03
2.53091903E+03
1.04193278E+03
4.78663762E+02
2.36905481E+02
1.23290769E+02
6.66212230E+01
3.68098093E+01
2.06760181E+01
1.17195981E+01
6.60667362E+00
3.65796158E+00
1.99466133E+00
1.04764266E+00
5.00722250E-01
2.29960232E-01
1.01400143E-01
4.21675825E-02
   13    0    0
4.48298833E+02
1.54618043E+02
6.60329020E+01
3.13510498E+01
1.56096515E+01
8.07275763E+00
4.20357707E+00
2.16881577E+00
1.09345695E+00
5.29810629E-01
2.42477882E-01
9.95865961E-02
4.09005970E-02
    5    0    0
9.17466210E+00
3.04562670E+00
9.92587790E-01
5.36162650E-01
1.46121260E-01
    3    0    0
6.00968540E+00
1.82116300E+00
1.89755700E-01
    2    0    0
4.04447430E+00
4.91422800E-01



** Available from the Dirac web site, http://dirac.chem.sdu.dk **