20
  88264331.31589116      0
  19614295.847975813      0
  6538098.615991938         1
  2179366.205330646         2
  726455.401776882         2
  242151.800592294         2
  80717.266864098         2
  26905.755621366         2
  8968.585207122         3
  2989.528402374         3
  996.509467458         3
  332.169822486         3
  110.723274162         4
  36.907758054         4
  12.302586018         4
  4.100862006         5
  1.366954002         5
  0.45565133399999996         4
  0.151883778         2
  0.050627926         2
