20
  44389595.99630673      0
  9864354.66584594      0
  3288118.2219486465         3
  1096039.4073162156         3
  365346.4691054052         3
  121782.15636846841         3
  40594.0521228228         4
  13531.3507076076         4
  4510.4502358692         4
  1503.4834119564         4
  501.1611373188         5
  167.0537124396         5
  55.6845708132         5
  18.561523604399998         7
  6.1871745348         8
  2.0623915116         8
  0.6874638372         7
  0.2291546124         5
  0.0763848708         3
  0.0254616236         3
