20
  66852511.327010304      0
  14856113.628224513      0
  4952037.8760748375         3
  1650679.2920249458         3
  550226.4306749819         3
  183408.81022499397         3
  61136.27007499799         3
  20378.756691665996         4
  6792.918897221999         4
  2264.3062990739995         4
  754.7687663579999         5
  251.58958878599995         5
  83.86319626199999         5
  27.954398753999996         5
  9.318132917999998         7
  3.1060443059999994         7
  1.0353481019999997         6
  0.3451160339999999         5
  0.11503867799999996         4
  0.03834622599999999         3
