31
  108722643.21715404      2
  27180660.80428851      2
  13590330.402144255         2
  6795165.201072128         2
  3397582.600536064         2
  1698791.300268032         2
  849395.650134016         2
  424697.825067008         2
  212348.912533504         2
  106174.456266752         2
  53087.228133376         2
  26543.614066688         2
  13271.807033344         2
  6635.903516672         4
  3317.951758336         4
  1658.975879168         4
  829.487939584         4
  414.743969792         4
  207.371984896         4
  103.685992448         4
  51.842996224         4
  25.921498112         4
  12.960749056         4
  6.480374528         4
  3.240187264         4
  1.620093632         4
  0.810046816         4
  0.405023408         4
  0.202511704         4
  0.101255852         2
  0.050627926         2
