20
  44389595.99630673      0
  9864354.66584594      0
  3288118.2219486465         2
  1096039.4073162156         2
  365346.4691054052         2
  121782.15636846841         2
  40594.0521228228         3
  13531.3507076076         3
  4510.4502358692         3
  1503.4834119564         3
  501.1611373188         4
  167.0537124396         4
  55.6845708132         4
  18.561523604399998         6
  6.1871745348         7
  2.0623915116         7
  0.6874638372         6
  0.2291546124         4
  0.0763848708         2
  0.0254616236         2
