20
  88264331.31589116      0
  19614295.847975813      0
  6538098.615991938         2
  2179366.205330646         3
  726455.401776882         3
  242151.800592294         3
  80717.266864098         3
  26905.755621366         3
  8968.585207122         4
  2989.528402374         4
  996.509467458         4
  332.169822486         4
  110.723274162         5
  36.907758054         5
  12.302586018         5
  4.100862006         6
  1.366954002         6
  0.45565133399999996         5
  0.151883778         3
  0.050627926         3
