3
21 0 0
   4.3262771E+07
   7.3438521E+06
   1.6664164E+06
   4.4518126E+05
   1.3472950E+05
   4.4971716E+04
   1.6267208E+04
   6.2906215E+03
   2.5729316E+03
   1.1032008E+03
   4.9203286E+02
   2.2515578E+02
   9.5878672E+01
   4.7137542E+01
   2.3194863E+01
   9.9456397E+00
   4.8766381E+00
   1.6983041E+00
   7.1653300E-01
   1.0656102E-01
   3.8874370E-02
14 0 0
   4.9328670E+04
   8.0112579E+03
   2.0672338E+03
   6.7872678E+02
   2.5729010E+02
   1.0652718E+02
   4.6543086E+01
   2.0283321E+01
   9.2701804E+00
   4.3102178E+00
   1.7847897E+00
   7.0250163E-01
   1.3758511E-01
   4.1247105E-02
10 0 0
   7.9209849E+02
   2.3019761E+02
   8.6582096E+01
   3.6624121E+01
   1.6344231E+01
   7.4406801E+00
   3.3002357E+00
   1.4101835E+00
   5.4902325E-01
   1.8741003E-01
3 0 0
1.7730835E+01
1.3567638E+00  
2.7045963E-01
