19
  78192383.5797424      0
  17376085.239942756      0
  5792028.413314252         1
  1930676.1377714174         1
  643558.7125904724         1
  214519.5708634908         1
  71506.52362116361         1
  23835.507873721202         1
  7945.1692912404005         2
  2648.3897637468003         2
  882.7965879156001         2
  294.2655293052         2
  98.0885097684         2
  32.6961699228         2
  10.898723307600001         2
  3.6329077692000005         2
  1.2109692564      6
  0.4036564188         2
  0.1345521396         2