20
  294272.794361856      2
  73568.198590464      2
  36784.099295232         2
  18392.049647616         2
  9196.024823808         2
  4598.012411904         2
  2299.006205952         2
  1149.503102976         2
  574.751551488         2
  287.375775744         2
  143.687887872         2
  71.843943936         2
  35.921971968         2
  17.960985984         2
  8.980492992         2
  4.490246496         2
  2.245123248         2
  1.122561624         2
  0.561280812         2
  0.280640406         2
