19
  78192383.5797424      0
  17376085.239942756      0
  5792028.413314252         2
  1930676.1377714174         2
  643558.7125904724         2
  214519.5708634908         2
  71506.52362116361         2
  23835.507873721202         2
  7945.1692912404005         3
  2648.3897637468003         3
  882.7965879156001         3
  294.2655293052         3
  98.0885097684         3
  32.6961699228         3
  10.898723307600001         3
  3.6329077692000005         3
  1.2109692564      6
  0.4036564188         3
  0.1345521396         3