25
  1948828.089450496      2
  487207.022362624      2
  243603.511181312         2
  121801.755590656         2
  60900.877795328         2
  30450.438897664         2
  15225.219448832         2
  7612.609724416         2
  3806.304862208         2
  1903.152431104         2
  951.576215552         2
  475.788107776         2
  237.894053888         2
  118.947026944         2
  59.473513472         2
  29.736756736         4
  14.868378368         4
  7.434189184         4
  3.717094592         4
  1.858547296         4
  0.929273648         4
  0.464636824         4
  0.232318412         4
  0.116159206         2
  0.058079603         2
