21
  164643623.61834976      0
  36587471.915188834      0
  12195823.971729612         1
  4065274.657243204         1
  1355091.5524144012         1
  451697.1841381337         1
  150565.72804604456         2
  50188.57601534819         2
  16729.525338449395         2
  5576.508446149798         2
  1858.8361487165994         2
  619.6120495721998         2
  206.53734985739993         3
  68.84578328579998         3
  22.948594428599993         3
  7.649531476199997         3
  2.549843825399999         5
  0.8499479417999997         5
  0.2833159805999999         6
  0.09443866019999997         4
  0.03147955339999999         2
