21
  164643623.61834976      0
  36587471.915188834      0
  12195823.971729612         2
  4065274.657243204         2
  1355091.5524144012         2
  451697.1841381337         2
  150565.72804604456         3
  50188.57601534819         3
  16729.525338449395         3
  5576.508446149798         3
  1858.8361487165994         3
  619.6120495721998         3
  206.53734985739993         4
  68.84578328579998         4
  22.948594428599993         4
  7.649531476199997         4
  2.549843825399999         6
  0.8499479417999997         6
  0.2833159805999999         7
  0.09443866019999997         5
  0.03147955339999999         3
