19
  21996018.627749145      0
  4888004.13949981      0
  1629334.7131666031         2
  543111.5710555344         2
  181037.1903518448         2
  60345.7301172816         2
  20115.2433724272         3
  6705.081124142401         3
  2235.0270413808003         3
  745.0090137936         3
  248.3363379312         3
  82.7787793104         4
  27.5929264368         4
  9.1976421456         4
  3.0658807152         5
  1.0219602384         5
  0.3406534128         6
  0.1135511376         5
  0.0378503792         3
