3
   26    0    0
5.38980770E+07
1.42917273E+07
4.83246033E+06
1.79660736E+06
7.21725563E+05
3.02410234E+05
1.31235182E+05
5.83701838E+04
2.65497953E+04
1.23131909E+04
5.81762169E+03
2.79841418E+03
1.37129782E+03
6.73599825E+02
3.43765231E+02
1.80234159E+02
9.26368064E+01
4.98453108E+01
2.42367263E+01
1.35183359E+01
6.18216293E+00
3.26689294E+00
1.20134888E+00
5.54625552E-01
1.25128690E-01
4.73134170E-02
   23    0    0
3.49981840E+07
8.47528186E+06
2.32977141E+06
6.99648640E+05
2.25122614E+05
7.68198699E+04
2.76864629E+04
1.05433868E+04
4.25174078E+03
1.81499925E+03
8.15239545E+02
3.82439878E+02
1.86634039E+02
9.38405940E+01
4.83279431E+01
2.42157649E+01
1.26816737E+01
6.07937011E+00
2.94868590E+00
1.16339869E+00
4.81685127E-01
1.47519910E-01
4.10240428E-02
   16    0    0
3.52006067E+04
8.47295248E+03
2.82523166E+03
1.12455257E+03
4.99149705E+02
2.38366061E+02
1.19155392E+02
6.13198163E+01
3.15871218E+01
1.64192841E+01
8.40642943E+00
4.19705777E+00
1.96202621E+00
7.44952529E-01
2.71084979E-01
8.64658582E-02
   12    0    0
1.16487050E+03
3.89649759E+02
1.63907961E+02
7.62191215E+01
3.73375839E+01
1.86568774E+01
9.30608432E+00
4.48750926E+00
2.04739355E+00
8.59070815E-01
3.00657920E-01
1.00560300E-01



** Available from the Dirac web site, http://dirac.chem.sdu.dk **