5
   36    0    0
5.48201058E+07
1.45839431E+07
4.97243937E+06
1.87884252E+06
7.78509755E+05
3.41895007E+05
1.58547563E+05
7.66246697E+04
3.85504750E+04
2.01182174E+04
1.09683385E+04
6.40495028E+03
4.19081632E+03
2.72840331E+03
1.64620158E+03
9.72211688E+02
5.73797828E+02
3.42450512E+02
2.07295190E+02
1.27154060E+02
7.99891549E+01
4.95398844E+01
2.96575131E+01
1.91313087E+01
1.21884005E+01
7.64699481E+00
4.73539475E+00
2.88065731E+00
1.71030365E+00
9.93333671E-01
5.77147473E-01
3.34296094E-01
2.04639062E-01
1.05326780E-01
5.37466641E-02
2.70246458E-02
   35    0    0
8.28348255E+07
3.37798186E+07
1.36856093E+07
5.72736429E+06
2.46452015E+06
1.08680929E+06
4.89639200E+05
2.25034203E+05
1.05398251E+05
5.02954172E+04
2.44617978E+04
1.21385683E+04
6.15501878E+03
3.19379644E+03
1.69676784E+03
9.21860425E+02
5.11425253E+02
2.88640686E+02
1.65171375E+02
9.60373313E+01
5.63349012E+01
3.29934342E+01
1.96079604E+01
1.17347050E+01
6.93283396E+00
4.01901444E+00
2.28835539E+00
1.26200195E+00
6.92360331E-01
3.74914496E-01
1.98794418E-01
1.05333582E-01
5.54235488E-02
2.86377054E-02
1.42362834E-02
   24    0    0
8.20758469E+05
1.88349036E+05
5.83357432E+04
2.13485612E+04
8.78335066E+03
3.95467280E+03
1.91326925E+03
9.79197118E+02
5.23238802E+02
2.89447010E+02
1.64046400E+02
9.48251960E+01
5.52785055E+01
3.22131382E+01
1.89060790E+01
1.10794937E+01
6.39081471E+00
3.59301360E+00
1.95231451E+00
1.00583669E+00
4.91349583E-01
2.28672321E-01
1.01344722E-01
4.22744429E-02
   16    0    0
3.89340694E+03
1.27213020E+03
5.32062111E+02
2.52682219E+02
1.29072634E+02
6.90467043E+01
3.79000301E+01
2.10534277E+01
1.17354346E+01
6.45216777E+00
3.42980502E+00
1.73912411E+00
8.18764702E-01
3.39295395E-01
1.39909052E-01
4.67950310E-02
    4    0    0
1.41803270E+00
6.53173600E-01
2.17967740E-01
7.29031240E-02
    2    0    0
4.07989640E-01
1.36459280E-01



** Available from the Dirac web site, http://dirac.chem.sdu.dk **