4
   32    0    0
5.40728853E+07
1.43844828E+07
4.90342084E+06
1.85183226E+06
7.66081454E+05
3.35261228E+05
1.54328700E+05
7.36212097E+04
3.62246752E+04
1.82506544E+04
9.38636424E+03
4.91029792E+03
2.60942888E+03
1.40786423E+03
7.68279220E+02
4.30840883E+02
2.48224724E+02
1.48260196E+02
9.31594181E+01
6.06386968E+01
3.87192153E+01
2.24809527E+01
1.37652007E+01
8.33514117E+00
4.80674381E+00
2.75370492E+00
1.43394999E+00
7.79105391E-01
4.06880244E-01
1.61264135E-01
7.39060019E-02
3.33953996E-02
   29    0    0
6.05749681E+07
1.99668836E+07
6.87291743E+06
2.49521180E+06
9.45075144E+05
3.71148850E+05
1.50512143E+05
6.29068771E+04
2.70896450E+04
1.20363093E+04
5.52951351E+03
2.63028098E+03
1.29398936E+03
6.56303937E+02
3.41839437E+02
1.82262318E+02
9.98828665E+01
5.58580576E+01
3.12372824E+01
1.77459345E+01
1.00786175E+01
5.58330612E+00
3.00144278E+00
1.52268388E+00
7.57781843E-01
3.58067590E-01
1.44601802E-01
5.72195883E-02
2.21217882E-02
   20    0    0
1.65386246E+05
3.84109970E+04
1.21996884E+04
4.62968310E+03
1.98593198E+03
9.29574876E+02
4.63255258E+02
2.41969027E+02
1.30444320E+02
7.20599299E+01
4.01486855E+01
2.22681972E+01
1.24474335E+01
6.84932839E+00
3.64214160E+00
1.84917574E+00
8.43541319E-01
3.67591123E-01
1.49585460E-01
5.59984349E-02
   14    0    0
2.15079441E+03
7.13573384E+02
3.00221658E+02
1.42048975E+02
7.16468991E+01
3.74351293E+01
1.98593646E+01
1.05561971E+01
5.49316177E+00
2.75141357E+00
1.30708739E+00
5.68487393E-01
1.89553000E-01
6.33993180E-02
    2    0    0
3.48274720E-01
1.16486580E-01



** Available from the Dirac web site, http://dirac.chem.sdu.dk **