31
  111469295.8482858      2
  27867323.96207145      2
  13933661.981035724         2
  6966830.990517862         2
  3483415.495258931         2
  1741707.7476294655         2
  870853.8738147328         2
  435426.9369073664         2
  217713.4684536832         2
  108856.7342268416         2
  54428.3671134208         4
  27214.1835567104         4
  13607.0917783552         4
  6803.5458891776         4
  3401.7729445888         4
  1700.8864722944         4
  850.4432361472         4
  425.2216180736         4
  212.6108090368         4
  106.3054045184         4
  53.1527022592         4
  26.5763511296         4
  13.2881755648         4
  6.6440877824         4
  3.3220438912         4
  1.6610219456         4
  0.8305109728         4
  0.4152554864         4
  0.2076277432         4
  0.1038138716         2
  0.0519069358         2
