20
  90494147.02557424      0
  20109810.450127605      0
  6703270.150042535         2
  2234423.3833475118         2
  744807.7944491706         2
  248269.2648163902         2
  82756.4216054634         3
  27585.4738684878         3
  9195.1579561626         3
  3065.0526520542003         3
  1021.6842173514001         4
  340.5614057838         4
  113.5204685946         4
  37.8401561982         4
  12.6133853994         4
  4.2044617998         5
  1.4014872666         5
  0.4671624222         4
  0.1557208074         4
  0.0519069358         2
