20
  90494147.02557424      0
  20109810.450127605      0
  6703270.150042535         3
  2234423.3833475118         3
  744807.7944491706         3
  248269.2648163902         3
  82756.4216054634         4
  27585.4738684878         4
  9195.1579561626         4
  3065.0526520542003         4
  1021.6842173514001         5
  340.5614057838         5
  113.5204685946         5
  37.8401561982         5
  12.6133853994         5
  4.2044617998         6
  1.4014872666         6
  0.4671624222         5
  0.1557208074         5
  0.0519069358         3
