21
  134813402.37676737      0
  29958533.861503858      0
  9986177.95383462         3
  3328725.9846115396         3
  1109575.3282038465         4
  369858.44273461547         4
  123286.14757820516         4
  41095.38252606839         4
  13698.460842022796         4
  4566.153614007599         5
  1522.0512046691995         5
  507.35040155639985         5
  169.11680051879995         5
  56.37226683959998         5
  18.790755613199995         5
  6.263585204399998         8
  2.0878617347999993         8
  0.6959539115999998         7
  0.23198463719999993         6
  0.07732821239999997         4
  0.02577607079999999         3
