21
  134813402.37676737      0
  29958533.861503858      0
  9986177.95383462         2
  3328725.9846115396         2
  1109575.3282038465         3
  369858.44273461547         3
  123286.14757820516         3
  41095.38252606839         3
  13698.460842022796         3
  4566.153614007599         4
  1522.0512046691995         4
  507.35040155639985         4
  169.11680051879995         4
  56.37226683959998         4
  18.790755613199995         4
  6.263585204399998         7
  2.0878617347999993         7
  0.6959539115999998         6
  0.23198463719999993         5
  0.07732821239999997         3
  0.02577607079999999         2
