20
  58297652.674705      0
  12955033.927712223      0
  4318344.642570741         3
  1439448.2141902468         3
  479816.07139674894         3
  159938.69046558297         4
  53312.89682186099         4
  17770.965607286995         4
  5923.655202428999         4
  1974.5517341429995         5
  658.1839113809998         5
  219.39463712699992         5
  73.13154570899998         5
  24.377181902999993         5
  8.125727300999998         6
  2.7085757669999992         7
  0.9028585889999997         6
  0.3009528629999999         6
  0.10031762099999997         4
  0.03343920699999999         3
