20
  90494147.02557424      2
  20109810.450127605      2
  6703270.150042535         2
  2234423.3833475118         2
  744807.7944491706         2
  248269.2648163902         2
  82756.4216054634         4
  27585.4738684878         4
  9195.1579561626         4
  3065.0526520542003         4
  1021.6842173514001         4
  340.5614057838         4
  113.5204685946         4
  37.8401561982         4
  12.6133853994         4
  4.2044617998         4
  1.4014872666         4
  0.4671624222         4
  0.1557208074         4
  0.0519069358         2
