20
  92268039.52394354      0
  20504008.783098564      0
  6834669.594366188         2
  2278223.1981220627         2
  759407.7327073542         2
  253135.9109024514         2
  84378.6369674838         3
  28126.2123224946         3
  9375.4041074982         3
  3125.1347024993997         3
  1041.7115674998         4
  347.2371891666         4
  115.7457297222         4
  38.5819099074         4
  12.860636635799999         4
  4.2868788786         5
  1.4289596262         5
  0.4763198754         4
  0.1587732918         4
  0.052924430599999996         2
