20
  45185726.8536967      0
  10041272.63415482      0
  3347090.878051607         2
  1115696.9593505356         3
  371898.98645017855         3
  123966.32881672618         3
  41322.109605575395         3
  13774.036535191799         3
  4591.345511730599         4
  1530.4485039101999         4
  510.1495013034         4
  170.04983376779998         4
  56.68327792259999         4
  18.894425974199997         4
  6.298141991399999         7
  2.0993806637999994         7
  0.6997935545999998         6
  0.23326451819999994         6
  0.07775483939999998         3
  0.025918279799999996         2
