31
  113654349.29321083      2
  28413587.32330271      2
  14206793.661651354         2
  7103396.830825677         2
  3551698.4154128386         2
  1775849.2077064193         2
  887924.6038532096         2
  443962.3019266048         2
  221981.1509633024         2
  110990.5754816512         2
  55495.2877408256         4
  27747.6438704128         4
  13873.8219352064         4
  6936.9109676032         4
  3468.4554838016         4
  1734.2277419008         4
  867.1138709504         4
  433.5569354752         4
  216.7784677376         4
  108.3892338688         4
  54.1946169344         4
  27.0973084672         4
  13.5486542336         4
  6.7743271168         4
  3.3871635584         4
  1.6935817792         4
  0.8467908896         4
  0.4233954448         4
  0.2116977224         4
  0.1058488612         2
  0.0529244306         2
