20
  45185726.8536967      0
  10041272.63415482      0
  3347090.878051607         3
  1115696.9593505356         4
  371898.98645017855         4
  123966.32881672618         4
  41322.109605575395         4
  13774.036535191799         4
  4591.345511730599         5
  1530.4485039101999         5
  510.1495013034         5
  170.04983376779998         5
  56.68327792259999         5
  18.894425974199997         5
  6.298141991399999         8
  2.0993806637999994         8
  0.6997935545999998         7
  0.23326451819999994         7
  0.07775483939999998         4
  0.025918279799999996         3
