20
  92268039.52394354      2
  20504008.783098564      2
  6834669.594366188         2
  2278223.1981220627         2
  759407.7327073542         2
  253135.9109024514         2
  84378.6369674838         4
  28126.2123224946         4
  9375.4041074982         4
  3125.1347024993997         4
  1041.7115674998         4
  347.2371891666         4
  115.7457297222         4
  38.5819099074         4
  12.860636635799999         4
  4.2868788786         4
  1.4289596262         4
  0.4763198754         4
  0.1587732918         4
  0.052924430599999996         2
