20
  59016777.89859888      0
  13114839.533021973      0
  4371613.177673991         3
  1457204.392557997         3
  485734.7975193323         3
  161911.59917311076         4
  53970.533057703586         4
  17990.177685901195         4
  5996.725895300398         4
  1998.9086317667995         5
  666.3028772555998         5
  222.10095908519995         5
  74.03365302839998         5
  24.677884342799995         5
  8.225961447599998         6
  2.7419871491999994         7
  0.9139957163999998         6
  0.3046652387999999         6
  0.10155507959999997         4
  0.03385169319999999         3
