20
  92268039.52394354      0
  20504008.783098564      0
  6834669.594366188         3
  2278223.1981220627         3
  759407.7327073542         3
  253135.9109024514         3
  84378.6369674838         4
  28126.2123224946         4
  9375.4041074982         4
  3125.1347024993997         4
  1041.7115674998         5
  347.2371891666         5
  115.7457297222         5
  38.5819099074         5
  12.860636635799999         5
  4.2868788786         6
  1.4289596262         6
  0.4763198754         5
  0.1587732918         5
  0.052924430599999996         3
