30
  47822381.003046915      2
  11955595.250761729      2
  5977797.625380864         2
  2988898.812690432         2
  1494449.406345216         2
  747224.703172608         2
  373612.351586304         2
  186806.175793152         2
  93403.087896576         2
  46701.543948288         2
  23350.771974144         2
  11675.385987072         2
  5837.692993536         2
  2918.846496768         2
  1459.423248384         2
  729.711624192         2
  364.855812096         2
  182.427906048         2
  91.213953024         2
  45.606976512         2
  22.803488256         2
  11.401744128         2
  5.700872064         2
  2.850436032         2
  1.425218016         2
  0.712609008         2
  0.356304504         2
  0.178152252         2
  0.089076126         2
  0.044538063         2
