21
  120632797.3602021      0
  26807288.302267134      0
  8935762.767422378         2
  2978587.589140793         2
  992862.5297135976         2
  330954.1765711992         2
  110318.0588570664         2
  36772.6862856888         2
  12257.5620952296         2
  4085.8540317432         3
  1361.9513439144         3
  453.9837813048         3
  151.3279271016         3
  50.4426423672         3
  16.8142141224         3
  5.6047380408         3
  1.8682460136         5
  0.6227486712         5
  0.2075828904         3
  0.0691942968         2
  0.0230647656         2
