19
  25882437.219859213      0
  5751652.71552427      0
  1917217.5718414234         1
  639072.5239471411         1
  213024.17464904705         1
  71008.05821634902         1
  23669.352738783007         2
  7889.784246261002         2
  2629.928082087001         2
  876.6426940290003         2
  292.2142313430001         3
  97.40474378100004         3
  32.468247927000014         3
  10.822749309000004         3
  3.6075831030000014         3
  1.2025277010000004         3
  0.40084256700000015         3
  0.13361418900000005         2
  0.04453806300000002         2
