19
  25882437.219859213      0
  5751652.71552427      0
  1917217.5718414234         2
  639072.5239471411         2
  213024.17464904705         2
  71008.05821634902         2
  23669.352738783007         3
  7889.784246261002         3
  2629.928082087001         3
  876.6426940290003         3
  292.2142313430001         4
  97.40474378100004         4
  32.468247927000014         4
  10.822749309000004         4
  3.6075831030000014         4
  1.2025277010000004         4
  0.40084256700000015         4
  0.13361418900000005         3
  0.04453806300000002         3
