19
  25882437.219859213      2
  5751652.71552427      2
  1917217.5718414234         2
  639072.5239471411         2
  213024.17464904705         2
  71008.05821634902         2
  23669.352738783007         2
  7889.784246261002         2
  2629.928082087001         2
  876.6426940290003         2
  292.2142313430001         2
  97.40474378100004         2
  32.468247927000014         2
  10.822749309000004         2
  3.6075831030000014         2
  1.2025277010000004         2
  0.40084256700000015         2
  0.13361418900000005         2
  0.04453806300000002         2
