20
  55975703.22004524      0
  12439045.160010053      0
  4146348.3866700176         2
  1382116.1288900059         2
  460705.3762966686         3
  153568.4587655562         3
  51189.486255185395         3
  17063.1620850618         3
  5687.720695020599         3
  1895.9068983401996         4
  631.9689661133999         4
  210.65632203779998         4
  70.2187740126         4
  23.406258004199998         4
  7.802086001399999         4
  2.6006953337999996         4
  0.8668984445999999         5
  0.28896614819999994         5
  0.09632204939999998         3
  0.0321073498         3
