21
  120632797.3602021      0
  26807288.302267134      0
  8935762.767422378         3
  2978587.589140793         3
  992862.5297135976         3
  330954.1765711992         3
  110318.0588570664         3
  36772.6862856888         3
  12257.5620952296         3
  4085.8540317432         4
  1361.9513439144         4
  453.9837813048         4
  151.3279271016         4
  50.4426423672         4
  16.8142141224         4
  5.6047380408         4
  1.8682460136         6
  0.6227486712         6
  0.2075828904         4
  0.0691942968         3
  0.0230647656         3
