2
   21    0    0
4.60876438E+07
8.48185531E+06
2.02935319E+06
5.60649984E+05
1.73423633E+05
5.86865858E+04
2.14064360E+04
8.31765178E+03
3.41026858E+03
1.46339902E+03
6.52363087E+02
2.98384036E+02
1.30289566E+02
6.43051359E+01
3.16829645E+01
1.35535279E+01
6.80430789E+00
2.59330173E+00
1.20660620E+00
2.84056038E-01
1.09830964E-01
   15    0    0
2.26468078E+05
3.35991490E+04
7.72803459E+03
2.31840208E+03
8.26824561E+02
3.30800651E+02
1.42756809E+02
6.47839168E+01
2.97970683E+01
1.38969575E+01
6.64134641E+00
2.78449372E+00
1.17847600E+00
3.06494951E-01
9.81746816E-02
   11    0    0
1.64872625E+03
4.69035378E+02
1.76389881E+02
7.54443007E+01
3.47355997E+01
1.65110620E+01
8.00141748E+00
3.74770432E+00
1.69671413E+00
7.27350979E-01
2.59354130E-01



** Available from the Dirac web site, http://dirac.chem.sdu.dk **