4
   33    0    0
7.64921967E+07
2.03542260E+07
6.98011284E+06
2.66692233E+06
1.11057307E+06
4.87189939E+05
2.23301043E+05
1.05935164E+05
5.17247054E+04
2.57889872E+04
1.30739978E+04
6.74230971E+03
3.54575394E+03
1.90220278E+03
1.03868905E+03
5.76133414E+02
3.24520201E+02
1.86056671E+02
1.16255975E+02
7.75677524E+01
5.02273345E+01
3.06791292E+01
1.82195171E+01
1.10037387E+01
6.72631348E+00
4.36188584E+00
2.98886509E+00
1.81337912E+00
1.01746450E+00
5.00002959E-01
2.67445531E-01
1.33179820E-01
6.37403776E-02
   27    0    0
4.36474997E+07
1.00682219E+07
2.73666052E+06
8.33201925E+05
2.76752445E+05
9.89387210E+04
3.77871882E+04
1.53797598E+04
6.66109925E+03
3.05449776E+03
1.47228205E+03
7.40299262E+02
3.85482156E+02
2.06264274E+02
1.12714149E+02
6.26637153E+01
3.50578629E+01
1.94713640E+01
1.09734793E+01
6.18387767E+00
3.41397530E+00
1.83771080E+00
9.67533600E-01
4.63236006E-01
2.22726041E-01
1.03408124E-01
4.64368215E-02
   18    0    0
2.26643760E+04
5.71896131E+03
2.00761489E+03
8.34712110E+02
3.86075576E+02
1.92186315E+02
1.00516991E+02
5.45435516E+01
3.03152607E+01
1.70557763E+01
9.70334581E+00
5.50009364E+00
3.05625000E+00
1.67393921E+00
9.17817885E-01
5.31938197E-01
3.14870464E-01
1.31570142E-01
    2    0    0
5.15526450E-01
2.09779310E-01
    1    0    0
4.23230650E-01



** Available from the Dirac web site, http://dirac.chem.sdu.dk **