3
   28    0    0
7.47672242E+07
1.94066595E+07
6.35544412E+06
2.27817855E+06
8.76531836E+05
3.54056208E+05
1.49337516E+05
6.53773421E+04
2.96154542E+04
1.38385471E+04
6.65224478E+03
3.28106906E+03
1.65649405E+03
8.54164467E+02
4.48638503E+02
2.38595708E+02
1.25284678E+02
6.83304446E+01
3.74325905E+01
2.02660117E+01
1.13678715E+01
6.37321695E+00
3.46361798E+00
1.82700904E+00
9.49667574E-01
3.73421082E-01
1.74432211E-01
7.69852295E-02
   21    0    0
6.85083154E+06
1.05425035E+06
2.25968945E+05
5.91042343E+04
1.80644604E+04
6.30505497E+03
2.45894053E+03
1.04675826E+03
4.76888349E+02
2.28817507E+02
1.13999369E+02
5.84042140E+01
3.02114726E+01
1.55580857E+01
8.14782844E+00
4.12736661E+00
2.05614029E+00
9.92575451E-01
3.86304109E-01
1.59850872E-01
6.26035604E-02
   15    0    0
7.72841693E+03
2.05595772E+03
7.48464255E+02
3.19176371E+02
1.49807061E+02
7.46548988E+01
3.87895755E+01
2.05693190E+01
1.10790207E+01
5.97227758E+00
3.16027853E+00
1.62949691E+00
8.17853066E-01
3.88493090E-01
1.58544670E-01
    1    0    0
3.43785420E-01



** Available from the Dirac web site, http://dirac.chem.sdu.dk **