19
  26636947.377889764      0
  5919321.639531058      0
  1973107.2131770195         2
  657702.4043923399         2
  219234.13479744663         2
  73078.04493248221         2
  24359.348310827405         3
  8119.782770275801         3
  2706.5942567586003         3
  902.1980855862001         3
  300.7326951954         4
  100.24423173180001         4
  33.4147439106         4
  11.1382479702         4
  3.7127493234         5
  1.2375831078000001         6
  0.41252770260000005         5
  0.13750923420000002         3
  0.045836411400000006         3
