25
  2411118.256665395      2
  602779.5641663488      2
  301389.7820831744         2
  150694.8910415872         2
  75347.4455207936         2
  37673.7227603968         2
  18836.8613801984         2
  9418.4306900992         2
  4709.2153450496         2
  2354.6076725248         2
  1177.3038362624         2
  588.6519181312         2
  294.3259590656         2
  147.1629795328         2
  73.5814897664         4
  36.7907448832         4
  18.3953724416         4
  9.1976862208         4
  4.5988431104         4
  2.2994215552         4
  1.1497107776         4
  0.5748553888         4
  0.2874276944         2
  0.1437138472         2
  0.0718569236         2
