20
  66102804.563170575      0
  14689512.125149017      0
  4896504.041716339         2
  1632168.0139054463         2
  544056.0046351488         3
  181352.0015450496         3
  60450.6671816832         3
  20150.2223938944         3
  6716.740797964801         3
  2238.9135993216         3
  746.3045331072         4
  248.76817770239998         4
  82.92272590079999         4
  27.640908633599995         4
  9.213636211199999         4
  3.0712120703999997         7
  1.0237373567999999         7
  0.34124578559999996         5
  0.11374859519999998         3
  0.0379161984         3
