20
  66102804.563170575      0
  14689512.125149017      0
  4896504.041716339         1
  1632168.0139054463         1
  544056.0046351488         2
  181352.0015450496         2
  60450.6671816832         2
  20150.2223938944         2
  6716.740797964801         2
  2238.9135993216         2
  746.3045331072         3
  248.76817770239998         3
  82.92272590079999         3
  27.640908633599995         3
  9.213636211199999         3
  3.0712120703999997         6
  1.0237373567999999         6
  0.34124578559999996         4
  0.11374859519999998         2
  0.0379161984         2
