18
  50450760.80011144      0
  11211280.177802542      0
  3737093.3926008474         2
  1245697.7975336157         2
  415232.5991778719         3
  138410.86639262395         3
  46136.95546420798         3
  15378.985154735994         3
  5126.328384911998         3
  1708.7761283039993         4
  569.5920427679997         4
  189.8640142559999         4
  63.28800475199997         4
  21.09600158399999         4
  7.032000527999997         4
  2.344000175999999         4
  0.7813333919999996         4
  0.2604444639999999         3
