19
  68968293.14757243      0
  15326287.366127208      0
  5108762.455375736         3
  1702920.8184585785         3
  567640.2728195261         3
  189213.4242731754         3
  63071.1414243918         3
  21023.7138081306         4
  7007.9046027102         4
  2335.9682009034         4
  778.6560669678         4
  259.5520223226         4
  86.51734077420001         4
  28.839113591400004         4
  9.6130378638         4
  3.2043459546000004         4
  1.0681153182      6
  0.3560384394         3
  0.1186794798         3