19
  95692805.42061213      0
  21265067.87124714      0
  7088355.95708238         3
  2362785.3190274597         3
  787595.1063424866         3
  262531.7021141622         3
  87510.5673713874         3
  29170.1891237958         3
  9723.3963745986         4
  3241.1321248662002         4
  1080.3773749554         4
  360.1257916518         4
  120.0419305506         4
  40.0139768502         4
  13.3379922834         4
  4.4459974278         4
  1.4819991426         4
  0.49399971420000005      5
  0.16466657140000002         3