18
  50450760.80011144      0
  11211280.177802542      0
  3737093.3926008474         1
  1245697.7975336157         1
  415232.5991778719         2
  138410.86639262395         2
  46136.95546420798         2
  15378.985154735994         2
  5126.328384911998         2
  1708.7761283039993         3
  569.5920427679997         3
  189.8640142559999         3
  63.28800475199997         3
  21.09600158399999         3
  7.032000527999997         3
  2.344000175999999         3
  0.7813333919999996         3
  0.2604444639999999         2
