18
  50450760.80011144      2
  11211280.177802542      2
  3737093.3926008474         2
  1245697.7975336157         2
  415232.5991778719         2
  138410.86639262395         2
  46136.95546420798         2
  15378.985154735994         2
  5126.328384911998         2
  1708.7761283039993         2
  569.5920427679997         2
  189.8640142559999         2
  63.28800475199997         2
  21.09600158399999         2
  7.032000527999997         2
  2.344000175999999         2
  0.7813333919999996         2
  0.2604444639999999         2
