28
  69912528.45651558      2
  17478132.114128895      2
  8739066.057064448         2
  4369533.028532224         2
  2184766.514266112         2
  1092383.257133056         2
  546191.628566528         2
  273095.814283264         2
  136547.907141632         2
  68273.953570816         2
  34136.976785408         2
  17068.488392704         2
  8534.244196352         2
  4267.122098176         2
  2133.561049088         2
  1066.780524544         2
  533.390262272         2
  266.695131136         2
  133.347565568         2
  66.673782784         2
  33.336891392         2
  16.668445696         2
  8.334222848         2
  4.167111424         2
  2.083555712         2
  1.041777856         2
  0.520888928         2
  0.260444464         2
