19
  68968293.14757243      0
  15326287.366127208      0
  5108762.455375736         2
  1702920.8184585785         2
  567640.2728195261         2
  189213.4242731754         2
  63071.1414243918         2
  21023.7138081306         3
  7007.9046027102         3
  2335.9682009034         3
  778.6560669678         3
  259.5520223226         3
  86.51734077420001         3
  28.839113591400004         3
  9.6130378638         3
  3.2043459546000004         3
  1.0681153182      6
  0.3560384394         2
  0.1186794798         2