20
  72293065.85477217      0
  16065125.745504925      0
  5355041.915168309         2
  1785013.9717227696         3
  595004.6572409231         3
  198334.88574697438         3
  66111.62858232479         3
  22037.209527441595         3
  7345.736509147198         3
  2448.5788363823995         4
  816.1929454607998         4
  272.0643151535999         4
  90.68810505119997         5
  30.22936835039999         5
  10.076456116799998         5
  3.358818705599999         6
  1.1196062351999998         6
  0.3732020783999999         5
  0.12440069279999998         3
  0.04146689759999999         3
