20
  72293065.85477217      2
  16065125.745504925      2
  5355041.915168309         2
  1785013.9717227696         2
  595004.6572409231         2
  198334.88574697438         2
  66111.62858232479         2
  22037.209527441595         2
  7345.736509147198         2
  2448.5788363823995         4
  816.1929454607998         4
  272.0643151535999         4
  90.68810505119997         4
  30.22936835039999         4
  10.076456116799998         4
  3.358818705599999         4
  1.1196062351999998         4
  0.3732020783999999         4
  0.12440069279999998         2
  0.04146689759999999         2
