21
  113641433.05665472      0
  25253651.79036772      0
  8417883.930122573         2
  2805961.3100408576         2
  935320.4366802858         2
  311773.47889342863         2
  103924.49296447622         2
  34641.497654825405         3
  11547.165884941802         3
  3849.0552949806006         3
  1283.0184316602001         3
  427.67281055340004         4
  142.5576035178         4
  47.5192011726         4
  15.8397337242         5
  5.2799112414         7
  1.7599704137999999         7
  0.5866568045999999         6
  0.19555226819999996         4
  0.06518408939999999         2
  0.021728029799999996         2
