21
  113641433.05665472      0
  25253651.79036772      0
  8417883.930122573         3
  2805961.3100408576         3
  935320.4366802858         3
  311773.47889342863         3
  103924.49296447622         3
  34641.497654825405         4
  11547.165884941802         4
  3849.0552949806006         4
  1283.0184316602001         4
  427.67281055340004         5
  142.5576035178         5
  47.5192011726         5
  15.8397337242         6
  5.2799112414         8
  1.7599704137999999         8
  0.5866568045999999         7
  0.19555226819999996         5
  0.06518408939999999         3
  0.021728029799999996         3
