31
  89049484.52929044      2
  22262371.13232261      2
  11131185.566161305         2
  5565592.783080652         2
  2782796.391540326         2
  1391398.195770163         2
  695699.0978850815         2
  347849.5489425408         2
  173924.7744712704         2
  86962.3872356352         2
  43481.1936178176         2
  21740.5968089088         2
  10870.2984044544         2
  5435.1492022272         4
  2717.5746011136         4
  1358.7873005568         4
  679.3936502784         4
  339.6968251392         4
  169.8484125696         4
  84.9242062848         4
  42.4621031424         4
  21.2310515712         4
  10.6155257856         4
  5.3077628928         4
  2.6538814464         4
  1.3269407232         4
  0.6634703616         4
  0.3317351808         4
  0.1658675904         4
  0.0829337952         2
  0.0414668976         2
