20
  54785019.346226625      0
  12174448.743605917      0
  4058149.5812019724         3
  1352716.5270673241         3
  450905.5090224414         3
  150301.8363408138         3
  50100.612113604606         3
  16700.204037868203         4
  5566.734679289401         4
  1855.5782264298005         4
  618.5260754766001         4
  206.17535849220005         5
  68.72511949740002         5
  22.908373165800004         5
  7.636124388600002         6
  2.5453747962000004         7
  0.8484582654000001         7
  0.2828194218         5
  0.09427314060000001         5
  0.031424380200000004         3
