20
  51767512.54079622      0
  11503891.675732493      0
  3834630.558577498         3
  1278210.1861924992         3
  426070.0620641664         3
  142023.3540213888         4
  47341.118007129604         4
  15780.372669043201         4
  5260.124223014401         4
  1753.3747410048002         5
  584.4582470016001         5
  194.81941566720002         5
  64.93980522240001         5
  21.646601740800005         5
  7.215533913600002         5
  2.4051779712000005         5
  0.8017259904000001         5
  0.26724199680000005         6
  0.08908066560000001         4
  0.029693555200000003         3
