20
  77195270.28533751      0
  17154504.50785278      0
  5718168.169284261         2
  1906056.056428087         2
  635352.0188093623         2
  211784.00626978744         2
  70594.66875659581         2
  23531.556252198603         3
  7843.852084066201         3
  2614.6173613554006         3
  871.5391204518002         4
  290.51304015060003         4
  96.8376800502         4
  32.279226683400005         4
  10.759742227800002         4
  3.5865807426000007         4
  1.1955269142000002         4
  0.3985089714000001         4
  0.13283632380000002         4
  0.04427877460000001         2
