21
  119904482.71601939      0
  26645440.603559867      0
  8881813.534519956         2
  2960604.511506652         2
  986868.1705022174         3
  328956.05683407246         3
  109652.01894469082         3
  36550.672981563606         3
  12183.557660521203         3
  4061.185886840401         4
  1353.7286289468004         4
  451.24287631560014         4
  150.41429210520005         4
  50.13809736840002         4
  16.712699122800007         4
  5.570899707600002         4
  1.8569665692000008         4
  0.6189888564000002         5
  0.2063296188000001         5
  0.06877653960000003         3
  0.02292551320000001         2
