20
  77195270.28533751      0
  17154504.50785278      0
  5718168.169284261         3
  1906056.056428087         3
  635352.0188093623         3
  211784.00626978744         3
  70594.66875659581         3
  23531.556252198603         4
  7843.852084066201         4
  2614.6173613554006         4
  871.5391204518002         5
  290.51304015060003         5
  96.8376800502         5
  32.279226683400005         5
  10.759742227800002         5
  3.5865807426000007         5
  1.1955269142000002         5
  0.3985089714000001         5
  0.13283632380000002         5
  0.04427877460000001         3
