31
  95087944.40697774      2
  23771986.101744436      2
  11885993.050872218         2
  5942996.525436109         2
  2971498.2627180545         2
  1485749.1313590272         2
  742874.5656795136         2
  371437.2828397568         2
  185718.6414198784         2
  92859.3207099392         2
  46429.6603549696         4
  23214.8301774848         4
  11607.4150887424         4
  5803.7075443712         4
  2901.8537721856         4
  1450.9268860928         4
  725.4634430464         4
  362.7317215232         4
  181.3658607616         4
  90.6829303808         4
  45.3414651904         4
  22.6707325952         4
  11.3353662976         4
  5.6676831488         4
  2.8338415744         4
  1.4169207872         4
  0.7084603936         4
  0.3542301968         4
  0.1771150984         4
  0.0885575492         2
  0.0442787746         2
