21
  119904482.71601939      0
  26645440.603559867      0
  8881813.534519956         3
  2960604.511506652         3
  986868.1705022174         4
  328956.05683407246         4
  109652.01894469082         4
  36550.672981563606         4
  12183.557660521203         4
  4061.185886840401         5
  1353.7286289468004         5
  451.24287631560014         5
  150.41429210520005         5
  50.13809736840002         5
  16.712699122800007         5
  5.570899707600002         5
  1.8569665692000008         5
  0.6189888564000002         6
  0.2063296188000001         6
  0.06877653960000003         4
  0.02292551320000001         3
