          14
   16472.0000000000                0
   2470.00000000000                0
   561.600000000000                0
   158.540000000000                0
   51.1800000000000                0
   37.4200000000000                1
   17.9940000000000                1
   7.40740899370353                1
   2.29468952148215                2
   1.66059013606609                3
  0.707855993246134                3
  0.536000000000000                3
  0.231636221407271                3
  7.927354665965186E-002           3
