19
  112608362.29811454      0
  25024080.51069212      0
  8341360.170230706         1
  2780453.390076902         1
  926817.7966923007         1
  308939.26556410023         1
  102979.7551880334         1
  34326.585062677805         1
  11442.195020892601         2
  3814.0650069642         2
  1271.3550023214         2
  423.7850007738         2
  141.2616669246         2
  47.087222308200005         2
  15.695740769400002         2
  5.2319135898         2
  1.7439711966000002      6
  0.5813237322000001         2
  0.19377457740000004         2