19
  112608362.29811454      0
  25024080.51069212      0
  8341360.170230706         2
  2780453.390076902         2
  926817.7966923007         2
  308939.26556410023         2
  102979.7551880334         2
  34326.585062677805         2
  11442.195020892601         3
  3814.0650069642         3
  1271.3550023214         3
  423.7850007738         3
  141.2616669246         3
  47.087222308200005         3
  15.695740769400002         3
  5.2319135898         3
  1.7439711966000002      6
  0.5813237322000001         3
  0.19377457740000004         3