6
   35    0    0
7.04536945E+07
1.87528879E+07
6.43286128E+06
2.45907747E+06
1.02755002E+06
4.53295555E+05
2.08987292E+05
9.94257425E+04
4.85778849E+04
2.42770950E+04
1.23896937E+04
6.44527907E+03
3.41295977E+03
1.83805768E+03
1.00640967E+03
5.59648351E+02
3.15275422E+02
1.77946286E+02
1.03013588E+02
6.05807823E+01
3.63437435E+01
2.33566135E+01
1.51616354E+01
9.49855296E+00
5.50783739E+00
3.32632050E+00
1.98310527E+00
1.17132679E+00
6.50880725E-01
3.62759006E-01
1.97536093E-01
1.14167354E-01
5.60525952E-02
2.88642771E-02
1.48548334E-02
   30    0    0
4.46748163E+07
1.07847377E+07
3.00902630E+06
9.32254014E+05
3.13386338E+05
1.12804738E+05
4.31824460E+04
1.75379992E+04
7.54874641E+03
3.43337722E+03
1.64093020E+03
8.18618601E+02
4.23336121E+02
2.25240352E+02
1.22687963E+02
6.77775824E+01
3.77230672E+01
2.14419617E+01
1.23452175E+01
7.10093835E+00
4.00977614E+00
2.25343784E+00
1.23142717E+00
6.61400299E-01
3.54173004E-01
1.88096940E-01
8.96649542E-02
4.56286690E-02
2.31558825E-02
1.16525673E-02
   19    0    0
3.38773408E+04
8.36884842E+03
2.87744548E+03
1.17791141E+03
5.38810227E+02
2.65801461E+02
1.37993170E+02
7.44246146E+01
4.10604738E+01
2.30476188E+01
1.30414502E+01
7.32856079E+00
4.04667799E+00
2.19509953E+00
1.14409299E+00
5.37522081E-01
2.42019200E-01
1.04645040E-01
4.26793481E-02
   13    0    0
5.40487047E+02
1.86209096E+02
7.95536905E+01
3.78882325E+01
1.89550557E+01
9.84813991E+00
5.15439118E+00
2.67051797E+00
1.35078341E+00
6.55724650E-01
3.00279486E-01
1.23267685E-01
5.06025983E-02
    5    0    0
1.13609610E+01
3.86901990E+00
1.28127440E+00
5.34114210E-01
1.52408660E-01
    3    0    0
7.38091460E+00
2.26252320E+00
2.05083250E-01
    2    0    0
5.10756950E+00
6.15485550E-01



** Available from the Dirac web site, http://dirac.chem.sdu.dk **