4
   24    0    0
5.89538554E+07
1.33287042E+07
3.73884430E+06
1.15817255E+06
3.89847350E+05
1.40195017E+05
5.34289393E+04
2.14207805E+04
8.98303716E+03
3.92007158E+03
1.77212419E+03
8.26522990E+02
3.94613591E+02
1.80455651E+02
9.04568108E+01
4.60292468E+01
2.17260086E+01
1.12513662E+01
4.84878735E+00
2.36990352E+00
7.13039061E-01
3.16846210E-01
5.47108616E-02
2.27446778E-02
   19    0    0
1.99716265E+06
2.88194004E+05
6.00204494E+04
1.57138047E+04
4.93149227E+03
1.78408859E+03
7.17807165E+02
3.11998913E+02
1.43282388E+02
6.82333208E+01
3.26860587E+01
1.62520609E+01
7.83526638E+00
3.82407646E+00
1.81610843E+00
7.12206697E-01
2.83633868E-01
6.13374391E-02
2.25370404E-02
   13    0    0
3.63907097E+03
9.97872972E+02
3.68554140E+02
1.56886633E+02
7.25489024E+01
3.50308865E+01
1.73932232E+01
8.55108470E+00
4.11409136E+00
1.89941238E+00
7.58904056E-01
2.69136304E-01
8.47451561E-02
    8    0    0
1.10292744E+02
3.68977016E+01
1.45410131E+01
6.13207092E+00
2.54759543E+00
9.89166108E-01
3.30817387E-01
1.02652387E-01
    2    0    0
3.89399590E+00
4.69244370E-01



** Available from the Dirac web site, http://dirac.chem.sdu.dk **