5
   30    0    0
6.98556015E+07
1.84226569E+07
6.19498032E+06
2.29282689E+06
9.13815971E+05
3.81288264E+05
1.65559013E+05
7.42804724E+04
3.43429532E+04
1.63164720E+04
7.94978576E+03
3.96365694E+03
2.01849718E+03
1.04811234E+03
5.53736114E+02
2.96709565E+02
1.58868814E+02
8.70628270E+01
4.79240658E+01
2.54893005E+01
1.45331297E+01
8.09491047E+00
4.27487010E+00
2.27109219E+00
1.04435887E+00
5.43902494E-01
2.64141520E-01
7.10014933E-02
3.62329416E-02
1.76191200E-02
   24    0    0
1.45905516E+07
2.48963608E+06
5.58805796E+05
1.48338514E+05
4.48016628E+04
1.51276208E+04
5.65431632E+03
2.30984404E+03
1.01537687E+03
4.73310401E+02
2.30643599E+02
1.16342292E+02
6.00942602E+01
3.14239799E+01
1.69152510E+01
9.06653765E+00
4.73982096E+00
2.43937362E+00
1.15492679E+00
5.52217126E-01
2.55239566E-01
9.31415686E-02
4.11915302E-02
1.70597157E-02
   16    0    0
1.10530864E+04
2.87118135E+03
1.02731956E+03
4.32760687E+02
2.01038928E+02
9.94735695E+01
5.12986412E+01
2.70847845E+01
1.45349005E+01
7.74619804E+00
4.02928853E+00
2.04514617E+00
9.79962009E-01
4.07433391E-01
1.59347313E-01
5.75848023E-02
   11    0    0
2.95981390E+02
1.01044347E+02
4.27396312E+01
1.96299439E+01
9.50723501E+00
4.64556628E+00
2.23282262E+00
1.03097933E+00
4.44691684E-01
1.69821047E-01
6.48520964E-02
    3    0    0
7.27746720E+00
2.06410480E+00
2.48734090E-01
    2    0    0
4.63183720E+00
5.58157630E-01



** Available from the Dirac web site, http://dirac.chem.sdu.dk **