20
  56315839.038362786      0
  12514630.897413952      0
  4171543.6324713174         3
  1390514.5441571057         3
  463504.84805236856         3
  154501.6160174562         4
  51500.538672485396         4
  17166.8462241618         4
  5722.2820747206         4
  1907.4273582402         5
  635.8091194134         5
  211.93637313780002         5
  70.6454577126         5
  23.548485904200003         5
  7.849495301400001         5
  2.6164984338000004         7
  0.8721661446000001         7
  0.2907220482         6
  0.09690734940000001         4
  0.0323024498         3
