31
  105620760.28342108      2
  26405190.07085527      2
  13202595.035427636         2
  6601297.517713818         2
  3300648.758856909         2
  1650324.3794284544         2
  825162.1897142272         2
  412581.0948571136         2
  206290.5474285568         2
  103145.2737142784         2
  51572.6368571392         4
  25786.3184285696         4
  12893.1592142848         4
  6446.5796071424         4
  3223.2898035712         4
  1611.6449017856         4
  805.8224508928         4
  402.9112254464         4
  201.4556127232         4
  100.7278063616         4
  50.3639031808         4
  25.1819515904         4
  12.5909757952         4
  6.2954878976         4
  3.1477439488         4
  1.5738719744         4
  0.7869359872         4
  0.3934679936         4
  0.1967339968         4
  0.0983669984         2
  0.0491834992         2
