20
  85746128.89857799      2
  19054695.31079511      2
  6351565.10359837         2
  2117188.3678661236         2
  705729.4559553745         2
  235243.15198512483         2
  78414.38399504161         2
  26138.127998347205         4
  8712.709332782402         4
  2904.236444260801         4
  968.0788147536003         4
  322.69293825120013         4
  107.56431275040005         4
  35.854770916800014         4
  11.951590305600005         4
  3.9838634352000017         4
  1.3279544784000006         4
  0.4426514928000002         4
  0.14755049760000008         4
  0.04918349920000003         2
