21
  133718303.81580403      0
  29715178.62573423      0
  9905059.54191141         3
  3301686.51397047         3
  1100562.17132349         3
  366854.05710783         4
  122284.68570261         4
  40761.56190087         4
  13587.187300290001         4
  4529.06243343         4
  1509.68747781         5
  503.22915927         5
  167.74305309000002         5
  55.914351030000006         5
  18.638117010000002         5
  6.212705670000001         7
  2.0709018900000005         8
  0.6903006300000002         7
  0.23010021000000005         6
  0.07670007000000002         4
  0.025566690000000006         3
