20
  85746128.89857799      0
  19054695.31079511      0
  6351565.10359837         3
  2117188.3678661236         3
  705729.4559553745         3
  235243.15198512483         3
  78414.38399504161         3
  26138.127998347205         4
  8712.709332782402         4
  2904.236444260801         4
  968.0788147536003         5
  322.69293825120013         5
  107.56431275040005         5
  35.854770916800014         5
  11.951590305600005         5
  3.9838634352000017         5
  1.3279544784000006         6
  0.4426514928000002         5
  0.14755049760000008         5
  0.04918349920000003         3
