21
  133718303.81580403      0
  29715178.62573423      0
  9905059.54191141         2
  3301686.51397047         2
  1100562.17132349         2
  366854.05710783         3
  122284.68570261         3
  40761.56190087         3
  13587.187300290001         3
  4529.06243343         3
  1509.68747781         4
  503.22915927         4
  167.74305309000002         4
  55.914351030000006         4
  18.638117010000002         4
  6.212705670000001         6
  2.0709018900000005         7
  0.6903006300000002         6
  0.23010021000000005         5
  0.07670007000000002         3
  0.025566690000000006         2
