20
  100895376.22020021      0
  22421194.715600047      0
  7473731.571866683         3
  2491243.8572888942         3
  830414.6190962981         3
  276804.8730320994         3
  92268.2910106998         3
  30756.0970035666         4
  10252.0323345222         4
  3417.3441115074         4
  1139.1147038358001         5
  379.70490127860006         5
  126.56830042620003         5
  42.18943347540001         5
  14.063144491800003         5
  4.687714830600001         5
  1.5625716102000002         6
  0.5208572034000001         5
  0.17361906780000003         3
  0.05787302260000001         3
