19
  52964886.74029731      0
  11769974.83117718      0
  3923324.943725727         2
  1307774.981241909         2
  435924.99374730303         2
  145308.331249101         2
  48436.110416367         2
  16145.370138789001         2
  5381.7900462630005         3
  1793.9300154210002         3
  597.9766718070001         4
  199.32555726900003         4
  66.44185242300001         4
  22.147284141000004         4
  7.382428047000001         4
  2.4608093490000003         4
  0.8202697830000001         4
  0.27342326100000003         2
  0.09114108700000001         2
