20
  66685444.144507036      0
  14818987.58766823      0
  4939662.529222744         3
  1646554.1764075812         3
  548851.3921358604         3
  182950.4640452868         3
  60983.488015095594         4
  20327.829338365198         4
  6775.943112788399         4
  2258.6477042628         5
  752.8825680875999         5
  250.96085602919996         5
  83.65361867639999         5
  27.884539558799997         5
  9.294846519599998         5
  3.0982821731999994         6
  1.0327607243999999         6
  0.34425357479999996         5
  0.11475119159999998         3
  0.038250397199999994         3
