20
  66685444.144507036      0
  14818987.58766823      0
  4939662.529222744         2
  1646554.1764075812         2
  548851.3921358604         2
  182950.4640452868         2
  60983.488015095594         3
  20327.829338365198         3
  6775.943112788399         3
  2258.6477042628         4
  752.8825680875999         4
  250.96085602919996         4
  83.65361867639999         4
  27.884539558799997         4
  9.294846519599998         4
  3.0982821731999994         5
  1.0327607243999999         5
  0.34425357479999996         4
  0.11475119159999998         2
  0.038250397199999994         2
