30
  97861996.99672268      2
  24465499.24918067      2
  12232749.624590335         2
  6116374.812295168         2
  3058187.406147584         2
  1529093.703073792         2
  764546.851536896         2
  382273.425768448         2
  191136.712884224         2
  95568.356442112         2
  47784.178221056         2
  23892.089110528         2
  11946.044555264         2
  5973.022277632         4
  2986.511138816         4
  1493.255569408         4
  746.627784704         4
  373.313892352         4
  186.656946176         4
  93.328473088         4
  46.664236544         4
  23.332118272         4
  11.666059136         4
  5.833029568         4
  2.916514784         4
  1.458257392         4
  0.729128696         4
  0.364564348         2
  0.182282174         2
  0.091141087         2
