19
  52964886.74029731      0
  11769974.83117718      0
  3923324.943725727         3
  1307774.981241909         3
  435924.99374730303         3
  145308.331249101         3
  48436.110416367         3
  16145.370138789001         3
  5381.7900462630005         4
  1793.9300154210002         4
  597.9766718070001         5
  199.32555726900003         5
  66.44185242300001         5
  22.147284141000004         5
  7.382428047000001         5
  2.4608093490000003         5
  0.8202697830000001         5
  0.27342326100000003         3
  0.09114108700000001         3
