19
  46475569.87815544      0
  10327904.417367876      0
  3442634.805789292         2
  1147544.9352630973         2
  382514.9784210324         2
  127504.99280701081         3
  42501.6642690036         3
  14167.221423001201         3
  4722.407141000401         3
  1574.1357136668003         3
  524.7119045556001         4
  174.90396818520003         4
  58.30132272840001         4
  19.433774242800002         4
  6.4779247476         4
  2.1593082492         4
  0.7197694164      5
  0.23992313880000002         4
  0.0799743796         3