25
  4372562.396472935      2
  1093140.5991182337      2
  546570.2995591168         2
  273285.1497795584         2
  136642.5748897792         2
  68321.2874448896         2
  34160.6437224448         2
  17080.3218612224         2
  8540.1609306112         2
  4270.0804653056         2
  2135.0402326528         2
  1067.5201163264         2
  533.7600581632         2
  266.8800290816         2
  133.4400145408         2
  66.7200072704         2
  33.3600036352         2
  16.6800018176         2
  8.3400009088         2
  4.1700004544         2
  2.0850002272         2
  1.0425001136         2
  0.5212500568         2
  0.2606250284         2
  0.1303125142         2
