20
  101063506.52326739      0
  22458557.005170528      0
  7486185.668390176         1
  2495395.2227967256         2
  831798.4075989085         2
  277266.1358663028         2
  92422.04528876761         2
  30807.3484295892         2
  10269.116143196401         2
  3423.0387143988005         2
  1141.0129047996002         3
  380.33763493320004         3
  126.77921164440001         3
  42.259737214800005         3
  14.086579071600001         3
  4.6955263572         3
  1.5651754524000001         3
  0.5217251508      6
  0.17390838360000002         3
  0.05796946120000001         2