20
  101063506.52326739      0
  22458557.005170528      0
  7486185.668390176         2
  2495395.2227967256         3
  831798.4075989085         3
  277266.1358663028         3
  92422.04528876761         3
  30807.3484295892         3
  10269.116143196401         3
  3423.0387143988005         3
  1141.0129047996002         4
  380.33763493320004         4
  126.77921164440001         4
  42.259737214800005         4
  14.086579071600001         4
  4.6955263572         4
  1.5651754524000001         4
  0.5217251508      6
  0.17390838360000002         4
  0.05796946120000001         3