21
  77211989.93955797      0
  17158219.986568436      0
  5719406.662189479         2
  1906468.887396493         2
  635489.6291321643         2
  211829.8763773881         2
  70609.9587924627         3
  23536.6529308209         3
  7845.5509769403         3
  2615.1836589801         3
  871.7278863267001         3
  290.5759621089         3
  96.8586540363         3
  32.2862180121         3
  10.7620726707         3
  3.5873575569000002         4
  1.1957858523         6
  0.3985952841         5
  0.1328650947         5
  0.044288364899999995         3
  0.014762788299999998         3
