21
  77211989.93955797      0
  17158219.986568436      0
  5719406.662189479         1
  1906468.887396493         1
  635489.6291321643         1
  211829.8763773881         1
  70609.9587924627         2
  23536.6529308209         2
  7845.5509769403         2
  2615.1836589801         2
  871.7278863267001         2
  290.5759621089         2
  96.8586540363         2
  32.2862180121         2
  10.7620726707         2
  3.5873575569000002         3
  1.1957858523         5
  0.3985952841         4
  0.1328650947         4
  0.044288364899999995         2
  0.014762788299999998         2
