20
  35661383.489223145      0
  7924751.886494032      0
  2641583.962164677         2
  880527.9873882257         2
  293509.3291294086         2
  97836.4430431362         2
  32612.1476810454         2
  10870.7158936818         3
  3623.5719645606         3
  1207.8573215202         3
  402.6191071734         3
  134.2063690578         3
  44.7354563526         3
  14.911818784200001         3
  4.9706062614         3
  1.6568687538000002         5
  0.5522895846000001         4
  0.18409652820000003         4
  0.06136550940000001         3
  0.020455169800000002         3
