25
  978519.0838697985      2
  244629.7709674496      2
  122314.8854837248         2
  61157.4427418624         2
  30578.7213709312         2
  15289.3606854656         2
  7644.6803427328         2
  3822.3401713664         2
  1911.1700856832         2
  955.5850428416         2
  477.7925214208         2
  238.8962607104         2
  119.4481303552         2
  59.7240651776         2
  29.8620325888         2
  14.9310162944         2
  7.4655081472         2
  3.7327540736         2
  1.8663770368         2
  0.9331885184         2
  0.4665942592         2
  0.2332971296         2
  0.1166485648         2
  0.0583242824         2
  0.0291621412         2
