20
  58285626.40662751      0
  12952361.423695004      0
  4317453.807898334         3
  1439151.2692994447         3
  479717.0897664816         3
  159905.6965888272         3
  53301.898862942406         3
  17767.2996209808         4
  5922.4332069936         4
  1974.1444023312         4
  658.0481341103999         4
  219.34937803679998         5
  73.11645934559999         5
  24.372153115199996         5
  8.1240510384         7
  2.7080170127999996         7
  0.9026723375999999         6
  0.30089077919999996         5
  0.10029692639999999         3
  0.0334323088         3
