21
  117207148.84217548      0
  26046033.076038998      0
  8682011.025346333         2
  2894003.675115444         2
  964667.891705148         2
  321555.963901716         2
  107185.321300572         2
  35728.440433524         3
  11909.480144508001         3
  3969.8267148360005         3
  1323.2755716120002         3
  441.09185720400006         4
  147.03061906800002         4
  49.010206356000005         4
  16.336735452000003         5
  5.445578484000001         7
  1.8151928280000005         7
  0.6050642760000001         6
  0.20168809200000004         4
  0.06722936400000001         2
  0.022409788000000003         2
