20
  77021780.09728914      0
  17115951.13273092      0
  5705317.04424364         2
  1901772.3480812134         3
  633924.1160270711         3
  211308.0386756904         3
  70436.0128918968         3
  23478.6709639656         3
  7826.2236546552         3
  2608.7412182184003         4
  869.5804060728001         4
  289.86013535760003         4
  96.62004511920001         5
  32.206681706400005         5
  10.735560568800002         5
  3.5785201896000007         6
  1.1928400632000002         6
  0.39761335440000006         5
  0.13253778480000003         3
  0.04417926160000001         3
