31
  94874241.86671431      2
  23718560.46667858      2
  11859280.23333929         2
  5929640.116669645         2
  2964820.0583348223         2
  1482410.0291674112         2
  741205.0145837056         2
  370602.5072918528         2
  185301.2536459264         2
  92650.6268229632         2
  46325.3134114816         2
  23162.6567057408         2
  11581.3283528704         2
  5790.6641764352         4
  2895.3320882176         4
  1447.6660441088         4
  723.8330220544         4
  361.9165110272         4
  180.9582555136         4
  90.4791277568         4
  45.2395638784         4
  22.6197819392         4
  11.3098909696         4
  5.6549454848         4
  2.8274727424         4
  1.4137363712         4
  0.7068681856         4
  0.3534340928         4
  0.1767170464         4
  0.0883585232         2
  0.0441792616         2
