21
  117207148.84217548      0
  26046033.076038998      0
  8682011.025346333         3
  2894003.675115444         3
  964667.891705148         3
  321555.963901716         3
  107185.321300572         3
  35728.440433524         4
  11909.480144508001         4
  3969.8267148360005         4
  1323.2755716120002         4
  441.09185720400006         5
  147.03061906800002         5
  49.010206356000005         5
  16.336735452000003         6
  5.445578484000001         8
  1.8151928280000005         8
  0.6050642760000001         7
  0.20168809200000004         5
  0.06722936400000001         3
  0.022409788000000003         3
