20
  77021780.09728914      2
  17115951.13273092      2
  5705317.04424364         2
  1901772.3480812134         2
  633924.1160270711         2
  211308.0386756904         2
  70436.0128918968         2
  23478.6709639656         2
  7826.2236546552         2
  2608.7412182184003         4
  869.5804060728001         4
  289.86013535760003         4
  96.62004511920001         4
  32.206681706400005         4
  10.735560568800002         4
  3.5785201896000007         4
  1.1928400632000002         4
  0.39761335440000006         4
  0.13253778480000003         2
  0.04417926160000001         2
