4
   34    0    0
6.03754266E+07
1.60756732E+07
5.50756454E+06
2.10041425E+06
8.79170008E+05
3.90456184E+05
1.82735521E+05
8.88381781E+04
4.46161058E+04
2.29792522E+04
1.20951378E+04
6.49079727E+03
3.55248237E+03
1.98455894E+03
1.13237310E+03
6.60172665E+02
3.93925893E+02
2.40215313E+02
1.49006518E+02
9.40009193E+01
5.96998212E+01
3.76960781E+01
2.33865293E+01
1.52849989E+01
9.40280959E+00
5.92922327E+00
3.87060095E+00
2.21779535E+00
1.34057291E+00
8.43093309E-01
5.65310412E-01
2.93184753E-01
1.48233685E-01
7.05065044E-02
   31    0    0
7.22514073E+07
2.49328542E+07
8.89373757E+06
3.34540998E+06
1.31404445E+06
5.36081323E+05
2.26034744E+05
9.82867088E+04
4.40526138E+04
2.03556174E+04
9.70312327E+03
4.77583752E+03
2.42669003E+03
1.27105258E+03
6.84079236E+02
3.76931664E+02
2.11949012E+02
1.20757492E+02
6.93043835E+01
4.05244136E+01
2.35983675E+01
1.34978352E+01
7.80762081E+00
4.46674348E+00
2.52117161E+00
1.39932798E+00
7.59663105E-01
3.90177578E-01
1.93158649E-01
9.32294020E-02
4.34091545E-02
   21    0    0
1.90349494E+05
4.45722599E+04
1.42827574E+04
5.46622390E+03
2.36209248E+03
1.11502975E+03
5.61830047E+02
2.96828161E+02
1.62690283E+02
9.13512832E+01
5.22990118E+01
3.01862670E+01
1.73527665E+01
9.92561226E+00
5.65332164E+00
3.16600816E+00
1.73092873E+00
9.51050663E-01
5.71596180E-01
3.37613991E-01
1.38924678E-01
   14    0    0
2.98321112E+03
9.88346447E+02
4.19004513E+02
2.00480093E+02
1.03658327E+02
5.59179133E+01
3.11278761E+01
1.75423084E+01
9.88637366E+00
5.51843951E+00
2.99043819E+00
1.51897674E+00
5.47768462E-01
2.31051189E-01
    1    0    0
4.39718732E-01



** Available from the Dirac web site, http://dirac.chem.sdu.dk **