3    
   24    0    0
    5.84244092E+07
    1.50209341E+07
    4.82965478E+06
    1.68476525E+06
    6.27250219E+05
    2.44042340E+05
    9.88469174E+04
    4.14580280E+04
    1.79601077E+04
    8.01410800E+03
    3.67511528E+03
    1.72833709E+03
    8.30437479E+02
    3.93276071E+02
    1.98241093E+02
    1.02297017E+02
    5.00479865E+01
    2.64182357E+01
    1.21526000E+01
    6.35636699E+00
    2.42798951E+00
    1.20909391E+00
    3.34586720E-01
    1.29471622E-01
   20    0    0
    1.68580977E+07
    3.03531193E+06
    6.91745658E+05
    1.82596030E+05
    5.40346837E+04
    1.76678260E+04
    6.34774612E+03
    2.48856435E+03
    1.05207443E+03
    4.72117514E+02
    2.21927629E+02
    1.07421196E+02
    5.29690220E+01
    2.67152734E+01
    1.26155116E+01
    6.18686221E+00
    2.53471710E+00
    1.11839341E+00
    3.17263922E-01
    1.03102418E-01
   14    0    0
    1.32162902E+04
    3.35817578E+03
    1.17845424E+03
    4.87406344E+02
    2.22124347E+02
    1.07639309E+02
    5.41610092E+01
    2.77000451E+01
    1.39904848E+01
    7.00395005E+00
    3.35866386E+00
    1.57110943E+00
    6.88260345E-01
    2.56992818E-01
    9    0    0
    6.14902927E+02
    2.08417199E+02
    8.79848050E+01
    4.07008509E+01
    1.97263216E+01
    9.59533206E+00
    4.55444773E+00
    1.97652644E+00
    8.78194270E-01
#Basis set extracted from:
#a) K.G. Dyall, Theor. Chem. Acc. (1998) 99:366;
#b) K.G. Dyall, Theor. Chem. Acc. (2006) 115:441 (revision).
