3
   30    0    0
6.03482564E+07
1.60621874E+07
5.49836954E+06
2.09388542E+06
8.73977311E+05
3.86231251E+05
1.79228388E+05
8.60618208E+04
4.25144821E+04
2.14664496E+04
1.10454999E+04
5.77583526E+03
3.06466756E+03
1.64794396E+03
8.96629450E+02
4.92144919E+02
2.74964998E+02
1.55808898E+02
8.93225315E+01
5.14038576E+01
3.02064999E+01
1.76300850E+01
9.92098026E+00
5.70496630E+00
3.17982594E+00
1.72804337E+00
9.22656942E-01
4.13080993E-01
1.93665037E-01
8.59565072E-02
   26    0    0
4.80820295E+07
1.29759559E+07
3.88229312E+06
1.26152758E+06
4.37471764E+05
1.60307011E+05
6.17330592E+04
2.49335845E+04
1.05659290E+04
4.69918962E+03
2.18969792E+03
1.06453783E+03
5.36400181E+02
2.78500036E+02
1.47694036E+02
7.90307293E+01
4.33302353E+01
2.37341985E+01
1.26737102E+01
6.81901609E+00
3.51776239E+00
1.80703762E+00
8.92798270E-01
3.76241232E-01
1.57474650E-01
6.22057178E-02
   17    0    0
4.30243632E+04
1.04185084E+04
3.49974095E+03
1.40424481E+03
6.31289497E+02
3.05788923E+02
1.56221370E+02
8.25040579E+01
4.46867205E+01
2.43279458E+01
1.30548231E+01
6.98796665E+00
3.65962865E+00
1.85695263E+00
9.10450738E-01
4.21483577E-01
1.71535619E-01
   11    0    0
1.19973926E+03
4.06254277E+02
1.72608505E+02
8.20928786E+01
4.13405247E+01
2.15110240E+01
1.12039677E+01
5.72709106E+00
2.74673093E+00
1.08233409E+00
3.72950677E-01



** Available from the Dirac web site, http://dirac.chem.sdu.dk **