20
  81713544.18815185      0
  18158565.375144858      0
  6052855.125048286         2
  2017618.3750160953         2
  672539.4583386985         2
  224179.81944623284         2
  74726.60648207761         2
  24908.8688273592         3
  8302.9562757864         3
  2767.6520919288         3
  922.5506973096         4
  307.5168991032         4
  102.50563303439999         4
  34.1685443448         4
  11.389514781599999         4
  3.7965049271999995         4
  1.2655016423999998         5
  0.42183388079999995         4
  0.1406112936         4
  0.0468704312         2
