21
  129693128.52223003      0
  28820695.227162227      0
  9606898.409054076         2
  3202299.469684692         2
  1067433.156561564         2
  355811.052187188         3
  118603.684062396         3
  39534.561354132         3
  13178.187118044         3
  4392.729039348         3
  1464.243013116         4
  488.081004372         4
  162.693668124         4
  54.231222708         4
  18.077074235999998         4
  6.025691412         6
  2.008563804         7
  0.669521268         7
  0.223173756         5
  0.074391252         3
  0.024797084         2
