20
  81713544.18815185      0
  18158565.375144858      0
  6052855.125048286         3
  2017618.3750160953         3
  672539.4583386985         3
  224179.81944623284         3
  74726.60648207761         3
  24908.8688273592         4
  8302.9562757864         4
  2767.6520919288         4
  922.5506973096         5
  307.5168991032         5
  102.50563303439999         5
  34.1685443448         5
  11.389514781599999         5
  3.7965049271999995         5
  1.2655016423999998         6
  0.42183388079999995         5
  0.1406112936         5
  0.0468704312         3
