20
  53897276.01812792      0
  11977172.44847287      0
  3992390.8161576237         3
  1330796.938719208         3
  443598.9795730693         3
  147866.32652435644         4
  49288.775508118815         4
  16429.591836039606         4
  5476.530612013202         4
  1825.5102040044005         5
  608.5034013348002         5
  202.83446711160005         5
  67.61148903720002         5
  22.537163012400004         5
  7.512387670800002         5
  2.5041292236000006         7
  0.8347097412000002         7
  0.27823658040000004         6
  0.09274552680000002         4
  0.030915175600000008         3
