31
  100653484.57670902      2
  25163371.144177254      2
  12581685.572088627         2
  6290842.786044314         2
  3145421.393022157         2
  1572710.6965110784         2
  786355.3482555392         2
  393177.6741277696         2
  196588.8370638848         2
  98294.4185319424         2
  49147.2092659712         4
  24573.6046329856         4
  12286.8023164928         4
  6143.4011582464         4
  3071.7005791232         4
  1535.8502895616         4
  767.9251447808         4
  383.9625723904         4
  191.9812861952         4
  95.9906430976         4
  47.9953215488         4
  23.9976607744         4
  11.9988303872         4
  5.9994151936         4
  2.9997075968         4
  1.4998537984         4
  0.7499268992         4
  0.3749634496         4
  0.1874817248         4
  0.0937408624         2
  0.0468704312         2
