21
  129693128.52223003      0
  28820695.227162227      0
  9606898.409054076         3
  3202299.469684692         3
  1067433.156561564         3
  355811.052187188         4
  118603.684062396         4
  39534.561354132         4
  13178.187118044         4
  4392.729039348         4
  1464.243013116         5
  488.081004372         5
  162.693668124         5
  54.231222708         5
  18.077074235999998         5
  6.025691412         7
  2.008563804         8
  0.669521268         8
  0.223173756         6
  0.074391252         4
  0.024797084         3
