20
  86918904.29903463      0
  19315312.066452138      0
  6438437.355484046         3
  2146145.7851613485         3
  715381.9283871162         3
  238460.64279570538         3
  79486.88093190179         4
  26495.626977300595         4
  8831.875659100198         4
  2943.9585530333993         4
  981.3195176777998         5
  327.10650589259996         5
  109.03550196419998         5
  36.34516732139999         5
  12.115055773799996         5
  4.038351924599999         6
  1.3461173081999995         6
  0.44870576939999984         5
  0.14956858979999996         5
  0.049856196599999986         3
