21
  131517444.45585752      0
  29226098.767968338      0
  9742032.922656113         3
  3247344.3075520378         3
  1082448.102517346         4
  360816.0341724486         4
  120272.0113908162         4
  40090.6704636054         4
  13363.556821201799         4
  4454.5189404006         5
  1484.8396468002         5
  494.9465489334         5
  164.9821829778         5
  54.9940609926         5
  18.331353664199998         5
  6.110451221399999         7
  2.0368170737999995         8
  0.6789390245999999         7
  0.22631300819999997         6
  0.07543766939999999         4
  0.025145889799999998         3
