31
  107065366.9499732      2
  26766341.7374933      2
  13383170.86874665         2
  6691585.434373325         2
  3345792.7171866624         2
  1672896.3585933312         2
  836448.1792966656         2
  418224.0896483328         2
  209112.0448241664         2
  104556.0224120832         2
  52278.0112060416         4
  26139.0056030208         4
  13069.5028015104         4
  6534.7514007552         4
  3267.3757003776         4
  1633.6878501888         4
  816.8439250944         4
  408.4219625472         4
  204.2109812736         4
  102.1054906368         4
  51.0527453184         4
  25.5263726592         4
  12.7631863296         4
  6.3815931648         4
  3.1907965824         4
  1.5953982912         4
  0.7976991456         4
  0.3988495728         4
  0.1994247864         4
  0.0997123932         2
  0.0498561966         2
