21
  131517444.45585752      0
  29226098.767968338      0
  9742032.922656113         2
  3247344.3075520378         2
  1082448.102517346         3
  360816.0341724486         3
  120272.0113908162         3
  40090.6704636054         3
  13363.556821201799         3
  4454.5189404006         4
  1484.8396468002         4
  494.9465489334         4
  164.9821829778         4
  54.9940609926         4
  18.331353664199998         4
  6.110451221399999         6
  2.0368170737999995         7
  0.6789390245999999         6
  0.22631300819999997         5
  0.07543766939999999         3
  0.025145889799999998         2
