20
  56723208.079535745      0
  12605157.351007944      0
  4201719.117002648         3
  1400573.0390008828         3
  466857.6796669609         3
  155619.22655565364         4
  51873.07551855122         4
  17291.025172850404         4
  5763.6750576168015         4
  1921.2250192056006         5
  640.4083397352002         5
  213.46944657840007         5
  71.15648219280003         5
  23.71882739760001         5
  7.906275799200003         5
  2.635425266400001         7
  0.8784750888000002         7
  0.29282502960000006         6
  0.09760834320000002         4
  0.0325361144         3
