20
  86918904.29903463      0
  19315312.066452138      0
  6438437.355484046         2
  2146145.7851613485         2
  715381.9283871162         2
  238460.64279570538         2
  79486.88093190179         3
  26495.626977300595         3
  8831.875659100198         3
  2943.9585530333993         3
  981.3195176777998         4
  327.10650589259996         4
  109.03550196419998         4
  36.34516732139999         4
  12.115055773799996         4
  4.038351924599999         5
  1.3461173081999995         5
  0.44870576939999984         4
  0.14956858979999996         4
  0.049856196599999986         2
