19
  56708077.527306035      0
  12601795.006068008      0
  4200598.335356003         3
  1400199.4451186676         3
  466733.1483728892         3
  155577.7161242964         4
  51859.2387080988         4
  17286.412902699598         4
  5762.1376342332         5
  1920.7125447443998         5
  640.2375149147999         5
  213.4125049716         5
  71.13750165719999         5
  23.712500552399998         5
  7.904166850799999         5
  2.6347222836         5
  0.8782407611999999      6
  0.2927469204         3
  0.0975823068         3