19
  80793020.55386402      0
  17954004.56752534      0
  5984668.189175113         3
  1994889.3963917044         3
  664963.1321305681         3
  221654.37737685605         3
  73884.79245895201         4
  24628.264152984004         4
  8209.421384328001         4
  2736.4737947760004         4
  912.1579315920002         5
  304.05264386400006         5
  101.35088128800002         5
  33.78362709600001         5
  11.261209032000004         5
  3.7537363440000013         5
  1.2512454480000004         5
  0.4170818160000001         4
  0.13902727200000004         3
