29
  124439319.04888013      2
  31109829.762220033      2
  15554914.881110016         2
  7777457.440555008         2
  3888728.720277504         2
  1944364.360138752         2
  972182.180069376         2
  486091.090034688         2
  243045.545017344         2
  121522.772508672         2
  60761.386254336         2
  30380.693127168         2
  15190.346563584         4
  7595.173281792         4
  3797.586640896         4
  1898.793320448         4
  949.396660224         4
  474.698330112         4
  237.349165056         4
  118.674582528         4
  59.337291264         4
  29.668645632         4
  14.834322816         4
  7.417161408         4
  3.708580704         4
  1.854290352         4
  0.927145176         4
  0.463572588         2
  0.231786294         2
