19
  56708077.527306035      0
  12601795.006068008      0
  4200598.335356003         2
  1400199.4451186676         2
  466733.1483728892         2
  155577.7161242964         3
  51859.2387080988         3
  17286.412902699598         3
  5762.1376342332         4
  1920.7125447443998         4
  640.2375149147999         4
  213.4125049716         4
  71.13750165719999         4
  23.712500552399998         4
  7.904166850799999         4
  2.6347222836         4
  0.8782407611999999      6
  0.2927469204         2
  0.0975823068         2