18
  44899379.68248888      2
  9977639.929441974      2
  3325879.9764806577         2
  1108626.658826886         2
  369542.219608962         2
  123180.739869654         2
  41060.246623218         2
  13686.748874406001         4
  4562.249624802001         4
  1520.7498749340002         4
  506.9166249780001         4
  168.97220832600001         4
  56.324069442         4
  18.774689814000002         4
  6.258229938         4
  2.086076646         4
  0.695358882         4
  0.23178629399999998         2
