18
  44899379.68248888      0
  9977639.929441974      0
  3325879.9764806577         3
  1108626.658826886         3
  369542.219608962         3
  123180.739869654         3
  41060.246623218         3
  13686.748874406001         4
  4562.249624802001         4
  1520.7498749340002         4
  506.9166249780001         5
  168.97220832600001         5
  56.324069442         5
  18.774689814000002         5
  6.258229938         5
  2.086076646         4
  0.695358882         4
  0.23178629399999998         3
