4
   24    0    0
5.92678520E+07
1.31621728E+07
3.63550335E+06
1.11307256E+06
3.71343240E+05
1.32679589E+05
5.03302671E+04
2.01137507E+04
8.41685622E+03
3.66803564E+03
1.65687536E+03
7.72412644E+02
3.68548988E+02
1.68130931E+02
8.42946578E+01
4.28245814E+01
2.00587195E+01
1.03684475E+01
4.43725680E+00
2.17556533E+00
6.56843795E-01
2.95108925E-01
5.21900507E-02
2.18678427E-02
   19    0    0
1.69699875E+06
2.44477251E+05
5.11448198E+04
1.35166595E+04
4.29194871E+03
1.56954710E+03
6.37060369E+02
2.78770175E+02
1.28690879E+02
6.15060964E+01
2.95755800E+01
1.47314614E+01
7.10716017E+00
3.47660431E+00
1.65821000E+00
6.58354478E-01
2.65234196E-01
5.82717378E-02
2.16428270E-02
   13    0    0
3.35128339E+03
9.23352864E+02
3.41999964E+02
1.45831305E+02
6.74967151E+01
3.25969894E+01
1.61796997E+01
7.96435153E+00
3.84118383E+00
1.78426523E+00
7.29457403E-01
2.62333197E-01
8.38800270E-02
    8    0    0
9.81090003E+01
3.27343800E+01
1.28363363E+01
5.38698483E+00
2.22932657E+00
8.63566892E-01
2.88930549E-01
9.71567543E-02
    2    0    0
3.32314980E+00
4.02318920E-01



** Available from the Dirac web site, http://dirac.chem.sdu.dk **