5
   30    0    0
7.17846744E+07
1.88927679E+07
6.32984658E+06
2.33118828E+06
9.23397318E+05
3.82823800E+05
1.65149733E+05
7.36438355E+04
3.38571358E+04
1.60043042E+04
7.76253538E+03
3.85467705E+03
1.95567693E+03
1.01189757E+03
5.32828264E+02
2.84586921E+02
1.51191851E+02
8.25220283E+01
4.52178476E+01
2.38855825E+01
1.36002944E+01
7.55810119E+00
3.97680475E+00
2.11308098E+00
9.75540356E-01
5.11817981E-01
2.49134335E-01
6.73569381E-02
3.47067396E-02
1.69827058E-02
   24    0    0
1.33404352E+07
2.23052382E+06
4.95590918E+05
1.30910836E+05
3.95059019E+04
1.33772019E+04
5.02597301E+03
2.06506039E+03
9.12646873E+02
4.27375890E+02
2.09030068E+02
1.05750074E+02
5.47196533E+01
2.86462986E+01
1.54334819E+01
8.28064658E+00
4.33479118E+00
2.23847730E+00
1.06644263E+00
5.13122726E-01
2.38858670E-01
8.70509769E-02
3.90544233E-02
1.63928453E-02
   16    0    0
1.02147850E+04
2.66678398E+03
9.57747069E+02
4.04532524E+02
1.88304578E+02
9.33024916E+01
4.81749768E+01
2.54463927E+01
1.36691087E+01
7.29930546E+00
3.80635108E+00
1.94325464E+00
9.41573466E-01
3.95077536E-01
1.56517375E-01
5.73167716E-02
   11    0    0
2.63449090E+02
8.98937090E+01
3.79582287E+01
1.73706905E+01
8.38518436E+00
4.08320248E+00
1.95765400E+00
9.02496955E-01
3.89271073E-01
1.48774703E-01
5.68598948E-02
    3    0    0
6.25199350E+00
1.76175670E+00
2.13288020E-01
    2    0    0
3.70019740E+00
4.47966390E-01



** Available from the Dirac web site, http://dirac.chem.sdu.dk **