6
   35    0    0
7.25116734E+07
1.92946457E+07
6.61473507E+06
2.52562496E+06
1.05254340E+06
4.62430770E+05
2.12071416E+05
1.00344239E+05
4.87889951E+04
2.42826607E+04
1.23459899E+04
6.39985385E+03
3.37824658E+03
1.81447349E+03
9.91112966E+02
5.49982960E+02
3.09291967E+02
1.74582101E+02
1.01101170E+02
5.93971517E+01
3.53787453E+01
2.18567492E+01
1.37981826E+01
8.58169193E+00
4.97850715E+00
3.03665383E+00
1.82254418E+00
1.06338128E+00
6.08008948E-01
3.48565096E-01
1.95975330E-01
9.66329599E-02
5.14060283E-02
2.69972186E-02
1.40836999E-02
   30    0    0
4.33873907E+07
1.02053008E+07
2.80063625E+06
8.57293850E+05
2.85648505E+05
1.02187449E+05
3.89785050E+04
1.58126619E+04
6.81179256E+03
3.10440264E+03
1.48729236E+03
7.43781359E+02
3.85511700E+02
2.05528804E+02
1.12144350E+02
6.20233790E+01
3.45443859E+01
1.96542130E+01
1.13345092E+01
6.53271876E+00
3.68387540E+00
2.06611424E+00
1.12293883E+00
6.00997960E-01
3.21981275E-01
1.72132480E-01
8.39444299E-02
4.27623775E-02
2.18164022E-02
1.10594813E-02
   19    0    0
3.08637092E+04
7.65925533E+03
2.64579055E+03
1.08711888E+03
4.98683830E+02
2.46534045E+02
1.28193813E+02
6.92260020E+01
3.82303456E+01
2.14696020E+01
1.21633059E+01
6.85058484E+00
3.79029024E+00
2.06355057E+00
1.08121323E+00
5.13838019E-01
2.34453985E-01
1.02724168E-01
4.24487713E-02
   13    0    0
4.80038834E+02
1.65525830E+02
7.07051927E+01
3.36148720E+01
1.67686574E+01
8.68870166E+00
4.53458221E+00
2.34434986E+00
1.18413223E+00
5.74583340E-01
2.63283700E-01
1.08238255E-01
4.44977030E-02
    5    0    0
9.93735160E+00
3.32463160E+00
1.08958520E+00
7.16389600E-01
1.60845350E-01
    3    0    0
6.63025670E+00
2.03632340E+00
1.93459830E-01
    2    0    0
4.44271110E+00
5.37859210E-01



** Available from the Dirac web site, http://dirac.chem.sdu.dk **