2
   21    0    0
2.19635264E+07
2.95185268E+06
5.87418244E+05
1.46021632E+05
4.24593817E+04
1.38817217E+04
4.97244830E+03
1.91561348E+03
7.82494503E+02
3.34934243E+02
1.47589918E+02
6.03412778E+01
2.91644514E+01
1.38934163E+01
5.34534143E+00
2.39272605E+00
6.10622351E-01
2.51565722E-01
1.19505930E-01
3.18224075E-02
1.45122358E-02
   15    0    0
1.73849877E+04
3.13038413E+03
8.77048619E+02
3.03822935E+02
1.19282693E+02
5.04398842E+01
2.24056742E+01
9.58812594E+00
4.21889631E+00
1.86157791E+00
6.51249400E-01
2.31308269E-01
1.09882700E-01
3.35878058E-02
1.29313328E-02
    9    0    0
3.92346311E+02
1.15468718E+02
4.33767148E+01
1.81807563E+01
7.96570358E+00
3.48160781E+00
1.44919987E+00
4.31308269E-01
2.52240840E-01



** Available from the Dirac web site, http://dirac.chem.sdu.dk **