3
   29    0    0
8.08767232E+07
1.83371171E+07
5.18347777E+06
1.62874001E+06
5.58642951E+05
2.05499075E+05
8.03135053E+04
3.30729427E+04
1.42545267E+04
6.39369988E+03
2.97082409E+03
1.42407022E+03
7.01511850E+02
3.54004530E+02
1.82344036E+02
9.52282397E+01
4.87014426E+01
2.58793768E+01
1.37806594E+01
6.99803200E+00
3.67443344E+00
1.91288086E+00
8.29378663E-01
4.03569873E-01
1.88410026E-01
9.70047420E-02
3.76439080E-02
1.89943874E-02
1.01896362E-02
   21    0    0
3.81779748E+05
5.66060143E+04
1.29430683E+04
3.85631990E+03
1.37338110E+03
5.51645406E+02
2.41072625E+02
1.11946882E+02
5.41413833E+01
2.69585869E+01
1.35485131E+01
6.83574530E+00
3.45397456E+00
1.73752459E+00
8.17333391E-01
3.72813018E-01
1.65446097E-01
8.51815390E-02
4.36553789E-02
1.93866375E-02
8.98776019E-03
   13    0    0
1.45065186E+03
4.17222527E+02
1.58380415E+02
6.89820275E+01
3.23604465E+01
1.59392728E+01
8.00075065E+00
4.01623134E+00
1.99203874E+00
9.40111233E-01
3.76509439E-01
1.36639330E-01
4.43202372E-02
    2    0    0
8.13612248E-01
2.95268640E-01



** Available from the Dirac web site, http://dirac.chem.sdu.dk **