4
   34    0    0
9.73958229E+07
2.61676114E+07
9.16368028E+06
3.63865865E+06
1.60167190E+06
7.35046542E+05
3.41375779E+05
1.59124566E+05
7.49457109E+04
3.58708009E+04
1.75279641E+04
8.75675702E+03
4.46648281E+03
2.32036001E+03
1.22563274E+03
6.57593134E+02
3.58035601E+02
1.97317822E+02
1.09373014E+02
5.97614010E+01
3.35199848E+01
1.89225083E+01
1.06247497E+01
5.78753508E+00
3.22568727E+00
1.79245141E+00
9.25002079E-01
4.88806380E-01
2.59275782E-01
1.38239249E-01
5.84073663E-02
3.68561384E-02
2.08730430E-02
1.11404763E-02
   25    0    0
4.18459002E+06
6.23576209E+05
1.33474942E+05
3.55679260E+04
1.12623300E+04
4.10030292E+03
1.66370677E+03
7.32930016E+02
3.43848992E+02
1.69471822E+02
8.66470920E+01
4.54749243E+01
2.43255355E+01
1.30762619E+01
7.02822342E+00
3.79181379E+00
2.04445875E+00
1.05989893E+00
5.42063058E-01
2.75166935E-01
1.38344281E-01
5.40500561E-02
2.82981894E-02
1.51479598E-02
7.85788837E-03
   15    0    0
2.61377959E+03
7.37076534E+02
2.77322450E+02
1.20777746E+02
5.72982528E+01
2.86337217E+01
1.48357570E+01
7.78927332E+00
4.09748029E+00
2.15861511E+00
1.16453489E+00
6.90598179E-01
3.08922669E-01
8.78357852E-02
2.37758178E-02
    4    0    0
1.13732908E+00
5.19801056E-01
1.96040680E-01
5.69831621E-02
    2    0    0
9.13594133E-01
3.44558010E-01



** Available from the Dirac web site, http://dirac.chem.sdu.dk **