20
  74876945.34306258      0
  16639321.18734724      0
  5546440.395782414         2
  1848813.4652608046         2
  616271.1550869349         3
  205423.71836231163         3
  68474.57278743721         3
  22824.857595812402         3
  7608.285865270801         3
  2536.0952884236003         4
  845.3650961412001         4
  281.7883653804         4
  93.92945512680001         4
  31.309818375600003         4
  10.4366061252         4
  3.4788687084000003         4
  1.1596229028         6
  0.3865409676         5
  0.1288469892         3
  0.0429489964         3
