20
  54930662.679334834      0
  12206813.928741075      0
  4068937.976247025         2
  1356312.6587490083         2
  452104.2195830028         2
  150701.4065276676         2
  50233.8021758892         2
  16744.6007252964         2
  5581.533575098801         3
  1860.5111916996002         3
  620.1703972332001         3
  206.72346574440004         3
  68.90782191480001         3
  22.969273971600003         3
  7.656424657200001         3
  2.5521415524000006         5
  0.8507138508000002         6
  0.28357128360000006         5
  0.09452376120000001         3
  0.03150792040000001         2
