20
  54930662.679334834      0
  12206813.928741075      0
  4068937.976247025         3
  1356312.6587490083         3
  452104.2195830028         3
  150701.4065276676         3
  50233.8021758892         3
  16744.6007252964         3
  5581.533575098801         4
  1860.5111916996002         4
  620.1703972332001         4
  206.72346574440004         4
  68.90782191480001         4
  22.969273971600003         4
  7.656424657200001         4
  2.5521415524000006         6
  0.8507138508000002         7
  0.28357128360000006         6
  0.09452376120000001         4
  0.03150792040000001         3
