19
  36439821.70520556      0
  8097738.156712347      0
  2699246.0522374487         1
  899748.6840791496         1
  299916.2280263832         1
  99972.0760087944         1
  33324.0253362648         2
  11108.0084454216         2
  3702.6694818071996         2
  1234.2231606024         2
  411.4077202008         3
  137.1359067336         3
  45.711968911199996         3
  15.2373229704         3
  5.0791076568         3
  1.6930358855999998         3
  0.5643452952         4
  0.18811509839999999         2
  0.06270503279999999         1
