19
  36439821.70520556      2
  8097738.156712347      2
  2699246.0522374487         2
  899748.6840791496         2
  299916.2280263832         2
  99972.0760087944         2
  33324.0253362648         2
  11108.0084454216         2
  3702.6694818071996         2
  1234.2231606024         2
  411.4077202008         4
  137.1359067336         4
  45.711968911199996         4
  15.2373229704         4
  5.0791076568         4
  1.6930358855999998         4
  0.5643452952         4
  0.18811509839999999         2
  0.06270503279999999         2
