30
  67329016.29265183      2
  16832254.073162958      2
  8416127.036581479         2
  4208063.5182907395         2
  2104031.7591453698         2
  1052015.8795726849         2
  526007.9397863424         2
  263003.9698931712         2
  131501.9849465856         2
  65750.9924732928         2
  32875.4962366464         2
  16437.7481183232         2
  8218.8740591616         2
  4109.4370295808         2
  2054.7185147904         2
  1027.3592573952         4
  513.6796286976         4
  256.8398143488         4
  128.4199071744         4
  64.2099535872         4
  32.1049767936         4
  16.0524883968         4
  8.0262441984         4
  4.0131220992         4
  2.0065610496         4
  1.0032805248         4
  0.5016402624         4
  0.2508201312         4
  0.1254100656         2
  0.0627050328         2
