20
  51792903.65348274      0
  11509534.145218387      0
  3836511.3817394623         2
  1278837.1272464874         3
  426279.0424154958         3
  142093.0141384986         3
  47364.3380461662         3
  15788.1126820554         3
  5262.7042273518         4
  1754.2347424506         4
  584.7449141502         4
  194.9149713834         4
  64.9716571278         4
  21.6572190426         4
  7.2190730142         4
  2.4063576714         5
  0.8021192238         6
  0.2673730746         5
  0.08912435819999999         2
  0.029708119399999997         2
