19
  49621488.444410466      2
  11026997.432091216      2
  3675665.8106970717         2
  1225221.9368990238         2
  408407.3122996746         2
  136135.7707665582         2
  45378.590255519404         4
  15126.196751839801         4
  5042.065583946601         4
  1680.6885279822002         4
  560.2295093274         4
  186.7431697758         4
  62.2477232586         4
  20.749241086199998         4
  6.916413695399999         4
  2.3054712318         4
  0.7684904106         4
  0.2561634702         4
  0.0853878234         2
