30
  91684477.24490589      2
  22921119.311226472      2
  11460559.655613236         2
  5730279.827806618         2
  2865139.913903309         2
  1432569.9569516545         2
  716284.9784758273         2
  358142.4892379136         2
  179071.2446189568         2
  89535.6223094784         2
  44767.8111547392         4
  22383.9055773696         4
  11191.9527886848         4
  5595.9763943424         4
  2797.9881971712         4
  1398.9940985856         4
  699.4970492928         4
  349.7485246464         4
  174.8742623232         4
  87.4371311616         4
  43.7185655808         4
  21.8592827904         4
  10.9296413952         4
  5.4648206976         4
  2.7324103488         4
  1.3662051744         4
  0.6831025872         4
  0.3415512936         4
  0.1707756468         2
  0.0853878234         2
