20
  80091979.88594435      0
  17798217.752432078      0
  5932739.250810693         3
  1977579.750270231         3
  659193.2500900769         3
  219731.08336335898         4
  73243.694454453         4
  24414.564818151         4
  8138.1882727170005         4
  2712.7294242390003         5
  904.2431414130001         5
  301.414380471         5
  100.47146015700001         5
  33.490486719         5
  11.163495573         5
  3.7211651910000003         5
  1.240388397         5
  0.413462799         6
  0.137820933         4
  0.045940311000000005         3
