19
  49621488.444410466      0
  11026997.432091216      0
  3675665.8106970717         3
  1225221.9368990238         3
  408407.3122996746         3
  136135.7707665582         3
  45378.590255519404         4
  15126.196751839801         4
  5042.065583946601         4
  1680.6885279822002         5
  560.2295093274         5
  186.7431697758         5
  62.2477232586         5
  20.749241086199998         5
  6.916413695399999         5
  2.3054712318         5
  0.7684904106         5
  0.2561634702         5
  0.0853878234         3
