20
  51792903.65348274      0
  11509534.145218387      0
  3836511.3817394623         3
  1278837.1272464874         4
  426279.0424154958         4
  142093.0141384986         4
  47364.3380461662         4
  15788.1126820554         4
  5262.7042273518         5
  1754.2347424506         5
  584.7449141502         5
  194.9149713834         5
  64.9716571278         5
  21.6572190426         5
  7.2190730142         5
  2.4063576714         6
  0.8021192238         7
  0.2673730746         6
  0.08912435819999999         3
  0.029708119399999997         3
