3
   21    0    0
4.35489719E+07
7.53264160E+06
1.72999067E+06
4.65687576E+05
1.41634628E+05
4.74258706E+04
1.71890494E+04
6.65518177E+03
2.72396068E+03
1.16836154E+03
5.21120410E+02
2.38463001E+02
1.02064111E+02
5.02571146E+01
2.47549182E+01
1.06064166E+01
5.22885632E+00
1.86296961E+00
8.03171999E-01
1.34596600E-01
4.79366275E-02
   14    0    0
5.58689516E+04
8.97835528E+03
2.29254070E+03
7.47251192E+02
2.81904394E+02
1.16389591E+02
5.07928428E+01
2.22257361E+01
1.01643302E+01
4.74039724E+00
1.94121095E+00
7.59796223E-01
1.45505666E-01
4.29142644E-02
   10    0    0
8.90961058E+02
2.58204098E+02
9.71801469E+01
4.11992952E+01
1.84928640E+01
8.48920451E+00
3.84396304E+00
1.67489881E+00
6.71986470E-01
2.39125379E-01
    2    0    0
1.54575320E+00
3.86147360E-01



** Available from the Dirac web site, http://dirac.chem.sdu.dk **