5
   33    0    0
8.20023173E+07
2.17441096E+07
7.38458457E+06
2.77325105E+06
1.12639702E+06
4.80055304E+05
2.12972215E+05
9.75883209E+04
4.60704465E+04
2.23605243E+04
1.11376057E+04
5.67999973E+03
2.96231491E+03
1.58052044E+03
8.63725283E+02
4.83889756E+02
2.77785149E+02
1.63296054E+02
9.85753247E+01
6.18810565E+01
3.97675034E+01
2.52557376E+01
1.55860220E+01
9.72812221E+00
5.99805963E+00
3.60179992E+00
2.01320778E+00
1.10757231E+00
5.83219975E-01
2.32796825E-01
1.18064947E-01
5.73965776E-02
2.77203739E-02
   25    0    0
1.38506049E+07
2.29325518E+06
5.10539203E+05
1.35914491E+05
4.14974331E+04
1.42545570E+04
5.43782949E+03
2.26810004E+03
1.01681761E+03
4.82736834E+02
2.39834541E+02
1.23259002E+02
6.50417353E+01
3.48314679E+01
1.88440827E+01
1.03743216E+01
5.88581814E+00
3.38132404E+00
1.85942001E+00
9.96850609E-01
5.13279905E-01
2.16102745E-01
9.85419757E-02
4.46412681E-02
2.01364746E-02
   17    0    0
1.38458253E+04
3.57970380E+03
1.28115651E+03
5.40216858E+02
2.52604275E+02
1.26564966E+02
6.63821936E+01
3.60303345E+01
1.99217794E+01
1.11269890E+01
6.25547521E+00
3.48041742E+00
1.88236338E+00
9.88473488E-01
5.02544664E-01
2.44708899E-01
1.10682149E-01
    4    0    0
3.63131702E+00
1.40791020E+00
5.29555127E-01
1.76518400E-01
    3    0    0
2.63745469E+00
9.95665443E-01
3.31888500E-01
    2    0    0
1.95264687E+00
6.50882300E-01



** Available from the Dirac web site, http://dirac.chem.sdu.dk **