4
   28    0    0
7.89071917E+07
2.00899377E+07
6.40330953E+06
2.23026019E+06
8.34248649E+05
3.28767707E+05
1.35760229E+05
5.83941241E+04
2.60632150E+04
1.20271592E+04
5.72012830E+03
2.79541933E+03
1.39977454E+03
7.16361970E+02
3.73557333E+02
1.97172651E+02
1.02175520E+02
5.52086545E+01
2.99117193E+01
1.58782437E+01
8.75154371E+00
4.80825980E+00
2.49714461E+00
1.27246742E+00
6.18835547E-01
1.82516466E-01
7.99072098E-02
3.43895456E-02
   20    0    0
1.69140839E+06
2.45979997E+05
5.24037706E+04
1.41589189E+04
4.59727855E+03
1.71601136E+03
7.09360664E+02
3.16194338E+02
1.48832589E+02
7.28426575E+01
3.65089870E+01
1.84343579E+01
9.46581972E+00
4.94042835E+00
2.50552204E+00
1.21631949E+00
5.63120729E-01
1.80059568E-01
6.95515015E-02
2.68575922E-02
   13    0    0
2.84652381E+03
7.95224686E+02
2.97358227E+02
1.28441382E+02
6.01300907E+01
2.96467964E+01
1.49449578E+01
7.64081796E+00
3.87222530E+00
1.90266310E+00
8.91299749E-01
3.94585758E-01
1.59146030E-01
    3    0    0
2.62069000E+00
8.39673500E-01
2.79891200E-01
    2    0    0
1.78753410E+00
5.95844700E-01



** Available from the Dirac web site, http://dirac.chem.sdu.dk **