4
   35    0    0
5.26033797E+07
1.39861654E+07
4.75619038E+06
1.78781943E+06
7.36271088E+05
3.20940507E+05
1.47660635E+05
7.07431758E+04
3.52631940E+04
1.81906673E+04
9.73215188E+03
5.42119864E+03
3.18800440E+03
2.01508625E+03
1.36424516E+03
8.85520434E+02
5.72596203E+02
3.62189952E+02
2.24697245E+02
1.32834569E+02
8.20140838E+01
5.08075010E+01
3.31631115E+01
2.26480640E+01
1.49018114E+01
9.32444366E+00
5.63329153E+00
3.14759330E+00
2.19116357E+00
1.36044159E+00
8.45721060E-01
5.24430169E-01
2.56942043E-01
1.25619421E-01
5.55232207E-02
   35    0    0
8.71686810E+07
3.74532433E+07
1.58527086E+07
6.88873651E+06
3.06645977E+06
1.39360764E+06
6.44592635E+05
3.03101177E+05
1.44838769E+05
7.03168972E+04
3.46705483E+04
1.73705835E+04
8.85790925E+03
4.60557843E+03
2.44367888E+03
1.32305040E+03
7.31531519E+02
4.12995646E+02
2.37364697E+02
1.38977369E+02
8.25862051E+01
4.90657956E+01
2.93087963E+01
1.77481973E+01
1.05691523E+01
6.21876676E+00
3.65091628E+00
2.12745834E+00
1.23561840E+00
7.15215577E-01
4.03290889E-01
2.07920174E-01
1.01708236E-01
4.82197574E-02
2.22215679E-02
   24    0    0
1.24588240E+06
2.84906635E+05
8.78025433E+04
3.18705384E+04
1.29691001E+04
5.76369597E+03
2.75087939E+03
1.39062891E+03
7.35540610E+02
4.03779425E+02
2.27934635E+02
1.31616835E+02
7.71117594E+01
4.54825517E+01
2.70176626E+01
1.61169459E+01
9.53741366E+00
5.53846630E+00
3.16557103E+00
1.75695437E+00
9.42412193E-01
4.86065188E-01
2.39010364E-01
1.06334671E-01
   16    0    0
6.97374160E+03
2.22900735E+03
9.21249703E+02
4.33899326E+02
2.21940907E+02
1.19257744E+02
6.64054411E+01
3.75809214E+01
2.15442287E+01
1.23219110E+01
6.90479978E+00
3.78889544E+00
2.00313700E+00
9.92431016E-01
4.28863198E-01
1.64962588E-01
    1    0    0
4.41562200E-01



** Available from the Dirac web site, http://dirac.chem.sdu.dk **