3
   26    0    0
5.25502639E+07
1.39595194E+07
4.73540204E+06
1.77067315E+06
7.20542815E+05
3.07470753E+05
1.36535866E+05
6.21737444E+04
2.89220455E+04
1.36768679E+04
6.56867354E+03
3.20255515E+03
1.58931895E+03
7.96091240E+02
4.10483800E+02
2.16908478E+02
1.15644477E+02
6.31209060E+01
3.17161143E+01
1.80024256E+01
8.73072229E+00
4.76363329E+00
1.93814058E+00
9.54669754E-01
2.86374137E-01
1.07521373E-01
   23    0    0
4.28248145E+07
1.16539717E+07
3.47376142E+06
1.11041385E+06
3.74684888E+05
1.32320817E+05
4.87108090E+04
1.86846501E+04
7.48927959E+03
3.14764942E+03
1.38726175E+03
6.38739584E+02
3.05193815E+02
1.48004065E+02
7.45062744E+01
3.63892502E+01
1.88902011E+01
8.97228497E+00
4.46826548E+00
1.85130238E+00
7.85413909E-01
2.18861843E-01
6.09423019E-02
   17    0    0
7.46077358E+04
1.74711158E+04
5.63264536E+03
2.17573481E+03
9.45254444E+02
4.45092382E+02
2.21401105E+02
1.14479054E+02
6.03368457E+01
3.17718763E+01
1.70024067E+01
8.87166791E+00
4.52530825E+00
2.20707128E+00
1.01493811E+00
4.29553469E-01
1.61789962E-01
   10    0    0
1.35864531E+03
4.51803345E+02
1.89101027E+02
8.77131238E+01
4.27786264E+01
2.13716351E+01
1.05894354E+01
5.09611076E+00
2.32511881E+00
9.31317463E-01



** Available from the Dirac web site, http://dirac.chem.sdu.dk **