3
   30    0    0
5.26015314E+07
1.39854891E+07
4.75565477E+06
1.78732629E+06
7.35602078E+05
3.20184992E+05
1.46843637E+05
6.99306704E+04
3.44598878E+04
1.74302720E+04
9.01905638E+03
4.75120557E+03
2.54265333E+03
1.38097138E+03
7.60599474E+02
4.26022245E+02
2.41897784E+02
1.37016296E+02
8.02769780E+01
4.70339850E+01
2.68880837E+01
1.58309151E+01
9.32490334E+00
5.22420788E+00
2.71780975E+00
1.54915471E+00
8.10039972E-01
3.47906300E-01
1.60728013E-01
6.82641022E-02
   29    0    0
7.04686148E+07
2.61308592E+07
9.82493471E+06
3.84237369E+06
1.55166858E+06
6.44049664E+05
2.73790984E+05
1.18988128E+05
5.28215677E+04
2.39630291E+04
1.11278479E+04
5.30242840E+03
2.59749659E+03
1.30793737E+03
6.76092928E+02
3.57394374E+02
1.92323957E+02
1.05747577E+02
5.84618254E+01
3.21365018E+01
1.81044858E+01
9.91700346E+00
5.35338565E+00
2.79434538E+00
1.41336789E+00
6.61935067E-01
2.60399813E-01
9.96204817E-02
3.55595335E-02
   20    0    0
2.57040334E+05
5.90778208E+04
1.84637448E+04
6.87553608E+03
2.89496189E+03
1.33359826E+03
6.56070468E+02
3.39372378E+02
1.81741871E+02
1.00034727E+02
5.57127474E+01
3.09586726E+01
1.74425561E+01
9.73473056E+00
5.29280001E+00
2.81196786E+00
1.40463207E+00
6.63145174E-01
2.86560315E-01
9.86662349E-02
   13    0    0
2.54209325E+03
8.36181318E+02
3.50212610E+02
1.64916395E+02
8.29821377E+01
4.31890173E+01
2.29136879E+01
1.21498675E+01
6.29107092E+00
3.15249841E+00
1.47579818E+00
5.69645516E-01
2.85333690E-01



** Available from the Dirac web site, http://dirac.chem.sdu.dk **