4
27 0 0 
     5.2550264E+07
     1.3959519E+07
     4.7354020E+06
     1.7706731E+06
     7.2054281E+05
     3.0747075E+05
     1.3653587E+05
     6.2173744E+04
     2.8922046E+04
     1.3676868E+04
     6.5686735E+03
     3.2025552E+03
     1.5893189E+03
     7.9609124E+02
     4.1048380E+02
     2.1690848E+02
     1.1564448E+02
     6.3120906E+01
     3.1716114E+01
     1.8002426E+01
     8.7307223E+00
     4.7636333E+00
     1.9381406E+00
     9.5466975E-01
     2.8637414E-01
     1.0752137E-01
     2.2129114E-02
24 0 0
     4.2824815E+07
     1.1653972E+07
     3.4737614E+06
     1.1104138E+06
     3.7468489E+05
     1.3232082E+05
     4.8710809E+04
     1.8684650E+04
     7.4892796E+03
     3.1476494E+03
     1.3872617E+03
     6.3873958E+02
     3.0519382E+02
     1.4800406E+02
     7.4506274E+01
     3.6389250E+01
     1.8890201E+01
     8.9722850E+00
     4.4682655E+00
     1.8513024E+00
     7.8541391E-01
     2.1886184E-01
     6.0942302E-02
     1.2994329E-02
18 0 0
     7.4607736E+04
     1.7471116E+04
     5.6326454E+03
     2.1757348E+03
     9.4525444E+02
     4.4509238E+02
     2.2140110E+02
     1.1447905E+02
     6.0336846E+01
     3.1771876E+01
     1.7002407E+01
     8.8716679E+00
     4.5253083E+00
     2.2070713E+00
     1.0149381E+00
     4.2955347E-01
     1.6178996E-01
     4.5181725E-02
11 0 0
     1.3586453E+03
     4.5180335E+02
     1.8910103E+02
     8.7713124E+01
     4.2778626E+01
     2.1371635E+01
     1.0589435E+01
     5.0961108E+00
     2.3251188E+00
     9.3131746E-01
     2.3883720E-01
2 0 0
     4.3016172E+01
     5.9624069E+00   
