21
  121889969.67972806      0
  27086659.92882846      0
  9028886.64294282         2
  3009628.88098094         2
  1003209.6269936467         2
  334403.20899788226         2
  111467.73633262742         2
  37155.912110875805         3
  12385.304036958602         3
  4128.4346789862         3
  1376.1448929954001         3
  458.71496433180005         4
  152.90498811060002         4
  50.9683293702         4
  16.9894431234         5
  5.6631477078         7
  1.8877159026         7
  0.6292386342         6
  0.20974621140000002         4
  0.06991540380000001         2
  0.023305134600000003         2
