21
  121889969.67972806      0
  27086659.92882846      0
  9028886.64294282         3
  3009628.88098094         3
  1003209.6269936467         3
  334403.20899788226         3
  111467.73633262742         3
  37155.912110875805         4
  12385.304036958602         4
  4128.4346789862         4
  1376.1448929954001         4
  458.71496433180005         5
  152.90498811060002         5
  50.9683293702         5
  16.9894431234         6
  5.6631477078         8
  1.8877159026         8
  0.6292386342         7
  0.20974621140000002         5
  0.06991540380000001         3
  0.023305134600000003         3
