20
  78581800.9114268      0
  17462622.42476151      0
  5820874.141587171         2
  1940291.380529057         3
  646763.7935096857         3
  215587.93116989522         3
  71862.6437232984         3
  23954.2145744328         3
  7984.738191477601         3
  2661.5793971592         4
  887.1931323864001         4
  295.7310441288         4
  98.57701470960001         5
  32.8590049032         5
  10.953001634400001         5
  3.6510005448000005         6
  1.2170001816000002         6
  0.4056667272000001         5
  0.13522224240000003         3
  0.045074080800000006         3
