20
  78581800.9114268      2
  17462622.42476151      2
  5820874.141587171         2
  1940291.380529057         2
  646763.7935096857         2
  215587.93116989522         2
  71862.6437232984         2
  23954.2145744328         2
  7984.738191477601         2
  2661.5793971592         4
  887.1931323864001         4
  295.7310441288         4
  98.57701470960001         4
  32.8590049032         4
  10.953001634400001         4
  3.6510005448000005         4
  1.2170001816000002         4
  0.4056667272000001         4
  0.13522224240000003         2
  0.045074080800000006         2
