31
  96795851.46663076      2
  24198962.86665769      2
  12099481.433328845         2
  6049740.716664422         2
  3024870.358332211         2
  1512435.1791661056         2
  756217.5895830528         2
  378108.7947915264         2
  189054.3973957632         2
  94527.1986978816         2
  47263.5993489408         2
  23631.7996744704         2
  11815.8998372352         2
  5907.9499186176         4
  2953.9749593088         4
  1476.9874796544         4
  738.4937398272         4
  369.2468699136         4
  184.6234349568         4
  92.3117174784         4
  46.1558587392         4
  23.0779293696         4
  11.5389646848         4
  5.7694823424         4
  2.8847411712         4
  1.4423705856         4
  0.7211852928         4
  0.3605926464         4
  0.1802963232         4
  0.0901481616         2
  0.0450740808         2
