20
  59483550.588254794      0
  13218566.797389954      0
  4406188.932463318         3
  1468729.6441544394         3
  489576.5480514798         3
  163192.1826838266         3
  54397.3942279422         3
  18132.4647426474         4
  6044.1549142158         4
  2014.7183047386         4
  671.5727682462         4
  223.85758941539999         5
  74.6191964718         5
  24.8730654906         5
  8.2910218302         7
  2.7636739434         7
  0.9212246478         6
  0.3070748826         5
  0.10235829419999999         3
  0.0341194314         3
