19
  63865110.5803596      0
  14192246.795635467      0
  4730748.931878489         2
  1576916.3106261631         2
  525638.770208721         2
  175212.923402907         2
  58404.307800969         3
  19468.102600323         3
  6489.367533441         3
  2163.122511147         4
  721.040837049         4
  240.34694568299997         4
  80.11564856099999         4
  26.705216186999994         4
  8.901738728999998         4
  2.9672462429999995         4
  0.9890820809999998         3
  0.32969402699999995         3
  0.10989800899999998         2
