30
  118002088.63762842      2
  29500522.159407105      2
  14750261.079703553         2
  7375130.539851776         2
  3687565.269925888         2
  1843782.634962944         2
  921891.317481472         2
  460945.658740736         2
  230472.829370368         2
  115236.414685184         4
  57618.207342592         4
  28809.103671296         4
  14404.551835648         4
  7202.275917824         4
  3601.137958912         4
  1800.568979456         4
  900.284489728         4
  450.142244864         4
  225.071122432         4
  112.535561216         4
  56.267780608         4
  28.133890304         4
  14.066945152         4
  7.033472576         4
  3.516736288         4
  1.758368144         4
  0.879184072         4
  0.439592036         4
  0.219796018         2
  0.109898009         2
