20
  61249959.0525858      0
  13611102.011685735      0
  4537034.003895245         3
  1512344.6679650815         4
  504114.88932169386         4
  168038.29644056462         4
  56012.76548018821         4
  18670.9218267294         4
  6223.640608909801         5
  2074.5468696366         5
  691.5156232122         5
  230.5052077374         5
  76.8350692458         5
  25.6116897486         5
  8.5372299162         5
  2.8457433053999996         5
  0.9485811017999999      6
  0.31619370059999996         4
  0.10539790019999999         3
  0.035132633399999995         3