20
  104519422.77064377      0
  23226538.393476393      0
  7742179.464492131         3
  2580726.4881640435         3
  860242.1627213479         3
  286747.38757378265         4
  95582.46252459422         4
  31860.820841531404         4
  10620.273613843801         4
  3540.0912046146004         5
  1180.0304015382         5
  393.3434671794         5
  131.1144890598         5
  43.7048296866         5
  14.5682765622         5
  4.8560921874         5
  1.6186973958         5
  0.5395657986         4
  0.1798552662         3
  0.0599517554         3
