19
  63865110.5803596      0
  14192246.795635467      0
  4730748.931878489         3
  1576916.3106261631         3
  525638.770208721         3
  175212.923402907         3
  58404.307800969         4
  19468.102600323         4
  6489.367533441         4
  2163.122511147         5
  721.040837049         5
  240.34694568299997         5
  80.11564856099999         5
  26.705216186999994         5
  8.901738728999998         5
  2.9672462429999995         5
  0.9890820809999998         4
  0.32969402699999995         4
  0.10989800899999998         3
