20
  61249959.0525858      0
  13611102.011685735      0
  4537034.003895245         2
  1512344.6679650815         3
  504114.88932169386         3
  168038.29644056462         3
  56012.76548018821         3
  18670.9218267294         3
  6223.640608909801         4
  2074.5468696366         4
  691.5156232122         4
  230.5052077374         4
  76.8350692458         4
  25.6116897486         4
  8.5372299162         4
  2.8457433053999996         4
  0.9485811017999999      6
  0.31619370059999996         3
  0.10539790019999999         2
  0.035132633399999995         2