5
   37    0    0
5.46111957E+07
1.45302325E+07
4.95687028E+06
1.87486815E+06
7.77795310E+05
3.42155723E+05
1.59090617E+05
7.72122286E+04
3.91287383E+04
2.07048119E+04
1.17020944E+04
7.57865466E+03
5.32910102E+03
3.42515423E+03
2.15313607E+03
1.34163529E+03
8.32006756E+02
5.03970392E+02
3.05939624E+02
1.87046305E+02
1.15876462E+02
7.27256095E+01
4.50633736E+01
2.72412057E+01
1.75203190E+01
1.13085389E+01
7.24618584E+00
4.65301060E+00
2.89930217E+00
1.68579598E+00
9.90087273E-01
5.62762314E-01
3.14277325E-01
1.54269160E-01
8.05905652E-02
4.16201557E-02
2.13580114E-02
   34    0    0
7.81009669E+07
3.03573333E+07
1.18439403E+07
4.80236184E+06
2.01156259E+06
8.65987036E+05
3.81434675E+05
1.71707961E+05
7.89858904E+04
3.71363128E+04
1.78545797E+04
8.78724219E+03
4.43445672E+03
2.29882756E+03
1.22469644E+03
6.69747369E+02
3.75136325E+02
2.13931363E+02
1.23810540E+02
7.32235073E+01
4.33439459E+01
2.55321811E+01
1.53508732E+01
9.14660845E+00
5.34483835E+00
3.07265589E+00
1.71777926E+00
9.29300100E-01
4.94779010E-01
2.59321852E-01
1.25164770E-01
6.07637886E-02
2.91077078E-02
1.38280741E-02
   24    0    0
8.62533080E+05
1.98266961E+05
6.12770830E+04
2.23826796E+04
9.18823220E+03
4.12730666E+03
1.99332391E+03
1.01887510E+03
5.43614173E+02
3.00142357E+02
1.69784668E+02
9.78666708E+01
5.70038523E+01
3.32598940E+01
1.94091502E+01
1.13385020E+01
6.53711030E+00
3.66721883E+00
1.98984802E+00
1.02399392E+00
4.57516840E-01
1.93322174E-01
7.81641432E-02
3.00530063E-02
   16    0    0
2.95526483E+03
9.74425363E+02
4.09028588E+02
1.94589709E+02
9.90061497E+01
5.26811711E+01
2.85637779E+01
1.56570579E+01
8.53978227E+00
4.53871546E+00
2.33271945E+00
1.14458678E+00
5.27054758E-01
2.15761281E-01
1.26181620E-01
4.68389600E-02
    4    0    0
1.24845510E+00
3.27480500E-01
1.17240600E-01
4.35200300E-02
    2    0    0
2.51651250E-01
9.34136210E-02



** Available from the Dirac web site, http://dirac.chem.sdu.dk **