3
   26    0    0
5.43699890E+07
1.44020072E+07
4.85991661E+06
1.80080629E+06
7.19461112E+05
2.99493541E+05
1.29051215E+05
5.70196243E+04
2.57821098E+04
1.18976590E+04
5.59828625E+03
2.68409559E+03
1.31154158E+03
6.41517374E+02
3.26742912E+02
1.70992382E+02
8.74020793E+01
4.69284315E+01
2.26706447E+01
1.25904221E+01
5.66529533E+00
2.97468900E+00
1.06383592E+00
4.75294239E-01
9.35109919E-02
3.64051302E-02
   23    0    0
3.34576833E+07
7.89924820E+06
2.13467737E+06
6.33012515E+05
2.01831613E+05
6.84578641E+04
2.45997708E+04
9.36950605E+03
3.78875864E+03
1.62408140E+03
7.32618795E+02
3.44911664E+02
1.67807872E+02
8.45093885E+01
4.34166793E+01
2.17141929E+01
1.13171788E+01
5.37906798E+00
2.57336587E+00
9.69757443E-01
3.81545884E-01
9.32189861E-02
3.05056037E-02
   17    0    0
5.02204493E+04
1.19695688E+04
3.94560014E+03
1.55645024E+03
6.87956925E+02
3.28294639E+02
1.64884753E+02
8.58141261E+01
4.53540107E+01
2.38407805E+01
1.26647432E+01
6.54552016E+00
3.27588657E+00
1.52497371E+00
5.47029960E-01
1.82594708E-01
5.43530699E-02
   12    0    0
8.66564801E+02
2.91077004E+02
1.21752042E+02
5.61094491E+01
2.69084530E+01
1.30950326E+01
6.19059819E+00
2.79564969E+00
1.16250483E+00
4.19133344E-01
1.52542077E-01
5.66240340E-02



** Available from the Dirac web site, http://dirac.chem.sdu.dk **