4
   33    0    0
5.46118500E+07
1.45308878E+07
4.95722641E+06
1.87520939E+06
7.77966217E+05
3.42117133E+05
1.58779556E+05
7.67227633E+04
3.84758615E+04
1.98893398E+04
1.05767307E+04
5.77403886E+03
3.23503766E+03
1.85543510E+03
1.08475270E+03
6.40926836E+02
3.81528230E+02
2.26983130E+02
1.35082685E+02
8.13887790E+01
4.86900339E+01
2.87528305E+01
1.73787920E+01
1.04481821E+01
6.35554103E+00
3.67520947E+00
2.07473883E+00
1.14774365E+00
6.23658820E-01
3.30619940E-01
1.22928741E-01
5.73313652E-02
2.63669374E-02
   29    0    0
5.92868090E+07
1.91595326E+07
6.50108983E+06
2.33277685E+06
8.75083995E+05
3.40972679E+05
1.37418690E+05
5.71713254E+04
2.45489067E+04
1.08952136E+04
5.00757560E+03
2.38575173E+03
1.17619480E+03
5.97935606E+02
3.13352912E+02
1.68536108E+02
9.28332583E+01
5.19149544E+01
2.88601484E+01
1.63001299E+01
9.17250528E+00
5.03339718E+00
2.67233525E+00
1.32012265E+00
6.37055226E-01
2.96127967E-01
1.13028258E-01
4.69294323E-02
1.88491543E-02
   20    0    0
1.50262015E+05
3.49790924E+04
1.11505611E+04
4.24919278E+03
1.82988230E+03
8.59311184E+02
4.29324607E+02
2.24645731E+02
1.21248798E+02
6.70133730E+01
3.73273497E+01
2.06871390E+01
1.15392505E+01
6.32770979E+00
3.34853415E+00
1.68263094E+00
7.57558505E-01
3.03663064E-01
1.12521304E-01
3.87393251E-02
   13    0    0
1.60875718E+03
5.36774033E+02
2.26497998E+02
1.06573210E+02
5.33660591E+01
2.74215389E+01
1.42681388E+01
7.34314986E+00
3.64329387E+00
1.71892284E+00
7.53752007E-01
2.91222793E-01
5.66240340E-02
    2    0    0
1.98739100E-01
7.37724900E-02



** Available from the Dirac web site, http://dirac.chem.sdu.dk **