20
  74761466.18180743      0
  16613659.151512763      0
  5537886.383837587         1
  1845962.1279458625         2
  615320.7093152875         2
  205106.90310509584         2
  68368.96770169861         2
  22789.655900566202         2
  7596.551966855401         2
  2532.1839889518         3
  844.0613296506         3
  281.3537765502         3
  93.7845921834         3
  31.261530727799997         3
  10.420510242599999         3
  3.4735034141999996         3
  1.1578344714         3
  0.3859448238         3
  0.1286482746      5
  0.0428827582         2