21
  120465780.03871576      0
  26770173.341936838      0
  8923391.113978947         2
  2974463.7046596487         2
  991487.9015532163         2
  330495.9671844054         2
  110165.32239480181         2
  36721.77413160061         3
  12240.591377200202         3
  4080.1971257334008         3
  1360.0657085778003         3
  453.3552361926001         3
  151.11841206420004         3
  50.372804021400015         3
  16.790934673800006         3
  5.596978224600002         3
  1.8656594082000006         4
  0.6218864694000003         5
  0.2072954898000001         5
  0.06909849660000003         2
  0.02303283220000001         2
