21
  120465780.03871576      0
  26770173.341936838      0
  8923391.113978947         3
  2974463.7046596487         3
  991487.9015532163         3
  330495.9671844054         3
  110165.32239480181         3
  36721.77413160061         4
  12240.591377200202         4
  4080.1971257334008         4
  1360.0657085778003         4
  453.3552361926001         4
  151.11841206420004         4
  50.372804021400015         4
  16.790934673800006         4
  5.596978224600002         4
  1.8656594082000006         5
  0.6218864694000003         6
  0.2072954898000001         6
  0.06909849660000003         3
  0.02303283220000001         3
