20
  55370067.24954886      0
  12304459.388788635      0
  4101486.462929545         3
  1367162.1543098483         3
  455720.7181032828         3
  151906.9060344276         3
  50635.635344809205         3
  16878.5451149364         4
  5626.181704978801         4
  1875.3939016596003         4
  625.1313005532         4
  208.3771001844         4
  69.4590333948         4
  23.1530111316         4
  7.7176703772         4
  2.5725567924         4
  0.8575189308         5
  0.28583964359999997      6
  0.09527988119999999         3
  0.031759960399999995         3