31
  92090022.01563792      2
  23022505.50390948      2
  11511252.75195474         2
  5755626.37597737         2
  2877813.187988685         2
  1438906.5939943425         2
  719453.2969971712         2
  359726.6484985856         2
  179863.3242492928         2
  89931.6621246464         2
  44965.8310623232         2
  22482.9155311616         2
  11241.4577655808         2
  5620.7288827904         2
  2810.3644413952         4
  1405.1822206976         4
  702.5911103488         4
  351.2955551744         4
  175.6477775872         4
  87.8238887936         4
  43.9119443968         4
  21.9559721984         4
  10.9779860992         4
  5.4889930496         4
  2.7444965248         4
  1.3722482624         4
  0.6861241312         4
  0.3430620656         4
  0.1715310328         4
  0.0857655164         2
  0.0428827582         2
