20
  74761466.18180743      0
  16613659.151512763      0
  5537886.383837587         2
  1845962.1279458625         3
  615320.7093152875         3
  205106.90310509584         3
  68368.96770169861         3
  22789.655900566202         3
  7596.551966855401         3
  2532.1839889518         4
  844.0613296506         4
  281.3537765502         4
  93.7845921834         4
  31.261530727799997         4
  10.420510242599999         4
  3.4735034141999996         4
  1.1578344714         4
  0.3859448238         4
  0.1286482746      5
  0.0428827582         3