20
  76583996.18446472      0
  17018665.818769936      0
  5672888.606256645         2
  1890962.868752215         3
  630320.9562507384         3
  210106.9854169128         3
  70035.6618056376         3
  23345.220601879202         3
  7781.740200626401         3
  2593.9134002088003         4
  864.6378000696001         4
  288.2126000232         4
  96.07086667440001         5
  32.0236222248         5
  10.6745407416         5
  3.5581802471999997         6
  1.1860600823999998         6
  0.39535336079999994         5
  0.1317844536         3
  0.043928151199999994         3
