31
  94334986.38887158      2
  23583746.597217895      2
  11791873.298608948         2
  5895936.649304474         2
  2947968.324652237         2
  1473984.1623261184         2
  736992.0811630592         2
  368496.0405815296         2
  184248.0202907648         2
  92124.0101453824         2
  46062.0050726912         2
  23031.0025363456         2
  11515.5012681728         2
  5757.7506340864         4
  2878.8753170432         4
  1439.4376585216         4
  719.7188292608         4
  359.8594146304         4
  179.9297073152         4
  89.9648536576         4
  44.9824268288         4
  22.4912134144         4
  11.2456067072         4
  5.6228033536         4
  2.8114016768         4
  1.4057008384         4
  0.7028504192         4
  0.3514252096         4
  0.1757126048         4
  0.0878563024         2
  0.0439281512         2
