21
  116733644.21787657      0
  25940809.826194793      0
  8646936.608731598         3
  2882312.2029105327         3
  960770.7343035109         3
  320256.9114345036         3
  106752.3038115012         3
  35584.1012705004         4
  11861.367090166801         4
  3953.7890300556005         4
  1317.9296766852         4
  439.30989222840003         5
  146.43663074280002         5
  48.81221024760001         5
  16.2707367492         5
  5.4235789164         8
  1.8078596388000001         8
  0.6026198796000001         6
  0.20087329320000002         5
  0.06695776440000001         3
  0.022319254800000004         3
