20
  76583996.18446472      0
  17018665.818769936      0
  5672888.606256645         1
  1890962.868752215         2
  630320.9562507384         2
  210106.9854169128         2
  70035.6618056376         2
  23345.220601879202         2
  7781.740200626401         2
  2593.9134002088003         3
  864.6378000696001         3
  288.2126000232         3
  96.07086667440001         4
  32.0236222248         4
  10.6745407416         4
  3.5581802471999997         5
  1.1860600823999998         5
  0.39535336079999994         4
  0.1317844536         2
  0.043928151199999994         2
