21
  116733644.21787657      0
  25940809.826194793      0
  8646936.608731598         2
  2882312.2029105327         2
  960770.7343035109         2
  320256.9114345036         2
  106752.3038115012         2
  35584.1012705004         3
  11861.367090166801         3
  3953.7890300556005         3
  1317.9296766852         3
  439.30989222840003         4
  146.43663074280002         4
  48.81221024760001         4
  16.2707367492         4
  5.4235789164         7
  1.8078596388000001         7
  0.6026198796000001         5
  0.20087329320000002         4
  0.06695776440000001         2
  0.022319254800000004         2
