20
  56644020.76503995      0
  12587560.170008877      0
  4195853.390002959         3
  1398617.7966676531         3
  466205.932222551         3
  155401.977407517         3
  51800.659135839         3
  17266.886378613         4
  5755.628792871         4
  1918.542930957         4
  639.514310319         4
  213.17143677299998         5
  71.057145591         5
  23.685715196999997         5
  7.895238398999999         6
  2.6317461329999996         7
  0.8772487109999999         6
  0.29241623699999997         5
  0.09747207899999999         3
  0.032490692999999994         3
