4
24 0 0    
5.8664187E+07 
1.4720572E+07
4.5865597E+06
1.5507653E+06
5.6081263E+05
2.1301016E+05
8.4602211E+04
3.4947195E+04
1.4965097E+04
6.6213398E+03
3.0184745E+03
1.4141054E+03
6.7762261E+02
3.1720597E+02
1.5940692E+02
8.1961409E+01
3.9956972E+01
2.0956115E+01
9.4495196E+00
4.7925528E+00
1.6676150E+00
7.5692833E-01
1.5885822E-01
5.5868536E-02
19 0 0
7.0985104E+06 
1.0944914E+06 
2.2901997E+05 
5.7698796E+04 
1.6848384E+04 
5.6027159E+03 
2.0854106E+03 
8.5048504E+02 
3.7130000E+02 
1.7034396E+02 
8.0106328E+01 
3.9356918E+01 
1.9627095E+01 
9.3052186E+00 
4.4613014E+00 
1.7288859E+00 
6.9341948E-01 
1.4873693E-01 
4.4006584E-02 
12 0 0
4.5125751E+03 
1.2141256E+03 
4.4143259E+02 
1.8513506E+02 
8.4154434E+01 
3.9999228E+01 
1.9161103E+01 
9.0468653E+00 
4.1716391E+00 
1.6509286E+00 
6.2979913E-01 
2.0689506E-01 
9 0 0
4.0044189E+02 
1.3596020E+02  
5.6818820E+01  
2.5905814E+01  
1.2204304E+01  
5.6984252E+00  
2.5425388E+00  
9.9485802E-01  
3.0537602E-01
1 0 0
1.1485338E+01
