25
  1764703.1904370687      2
  441175.7976092672      2
  220587.8988046336         2
  110293.9494023168         2
  55146.9747011584         2
  27573.4873505792         2
  13786.7436752896         2
  6893.3718376448         2
  3446.6859188224         2
  1723.3429594112         2
  861.6714797056         2
  430.8357398528         2
  215.4178699264         2
  107.7089349632         2
  53.8544674816         2
  26.9272337408         2
  13.4636168704         2
  6.7318084352         2
  3.3659042176         2
  1.6829521088         2
  0.8414760544         2
  0.4207380272         2
  0.2103690136         2
  0.1051845068         2
  0.0525922534         2
