19
  20189169.624352314      0
  4486482.138744959      0
  1495494.0462483196         2
  498498.0154161065         2
  166166.00513870217         2
  55388.66837956739         2
  18462.889459855796         3
  6154.2964866185985         3
  2051.4321622061993         3
  683.8107207353997         3
  227.93690691179992         3
  75.97896897059998         3
  25.326322990199994         3
  8.442107663399998         3
  2.8140358877999994         4
  0.9380119625999997         5
  0.3126706541999999         5
  0.10422355139999996         3
  0.034741183799999985         3
