21
  151301993.32250175      0
  33622665.182778165      0
  11207555.060926056         2
  3735851.686975352         2
  1245283.8956584507         2
  415094.6318861502         2
  138364.8772953834         3
  46121.6257651278         3
  15373.8752550426         3
  5124.6250850142         3
  1708.2083616713999         3
  569.4027872237999         3
  189.80092907459996         3
  63.26697635819999         3
  21.088992119399997         3
  7.029664039799999         4
  2.3432213465999996         6
  0.7810737821999999         6
  0.26035792739999997         5
  0.08678597579999998         3
  0.028928658599999994         3
