21
  151301993.32250175      0
  33622665.182778165      0
  11207555.060926056         1
  3735851.686975352         1
  1245283.8956584507         1
  415094.6318861502         1
  138364.8772953834         2
  46121.6257651278         2
  15373.8752550426         2
  5124.6250850142         2
  1708.2083616713999         2
  569.4027872237999         2
  189.80092907459996         2
  63.26697635819999         2
  21.088992119399997         2
  7.029664039799999         3
  2.3432213465999996         5
  0.7810737821999999         5
  0.26035792739999997         4
  0.08678597579999998         2
  0.028928658599999994         2
