4
   24    0    0
5.91592108E+07
1.39669620E+07
4.07671325E+06
1.30255512E+06
4.49119308E+05
1.64370464E+05
6.34379969E+04
2.56533025E+04
1.08178690E+04
4.73615718E+03
2.14448820E+03
1.00081145E+03
4.78360881E+02
2.20134697E+02
1.10159646E+02
5.62200327E+01
2.71374397E+01
1.41048849E+01
6.17973655E+00
2.99482528E+00
8.91514937E-01
3.84895833E-01
6.25669171E-02
2.54279139E-02
   19    0    0
3.15936615E+06
4.60534687E+05
9.51232511E+04
2.43445496E+04
7.40018936E+03
2.59335390E+03
1.01564700E+03
4.32205455E+02
1.95193393E+02
9.18108114E+01
4.34637547E+01
2.14857987E+01
1.03460482E+01
5.01077749E+00
2.35075113E+00
8.85502933E-01
3.41011012E-01
7.11711332E-02
2.53139630E-02
   13    0    0
4.58473986E+03
1.23951451E+03
4.53812809E+02
1.92119321E+02
8.85598353E+01
4.27168098E+01
2.12030821E+01
1.03748083E+01
4.94869744E+00
2.24340545E+00
8.33901834E-01
2.80516481E-01
8.35971485E-02
    8    0    0
1.46285417E+02
4.91393142E+01
1.95470107E+01
8.29731938E+00
3.45426366E+00
1.33514216E+00
4.39562294E-01
1.22280806E-01
    2    0    0
5.70767000E+00
5.71564610E-01



** Available from the Dirac web site, http://dirac.chem.sdu.dk **