6
   35    0    0
6.70268559E+07
1.78535711E+07
6.13380210E+06
2.35183979E+06
9.89706032E+05
4.41674498E+05
2.07103651E+05
1.00571828E+05
5.02647708E+04
2.56939731E+04
1.33947661E+04
7.10351702E+03
3.82664788E+03
2.09344506E+03
1.16403679E+03
6.57966386E+02
3.77482060E+02
2.18508371E+02
1.28709286E+02
7.66657488E+01
4.63660232E+01
2.88677194E+01
1.82286498E+01
1.13947624E+01
6.74021482E+00
4.08820362E+00
2.45243453E+00
1.46840903E+00
8.22946134E-01
4.60876483E-01
2.52456488E-01
1.19540777E-01
6.28761709E-02
3.22867634E-02
1.64634571E-02
   30    0    0
4.88822866E+07
1.26201092E+07
3.67800810E+06
1.17663663E+06
4.04973888E+05
1.48249634E+05
5.73548641E+04
2.33932526E+04
1.00551778E+04
4.54995394E+03
2.15975365E+03
1.06976160E+03
5.49542067E+02
2.90717975E+02
1.57582711E+02
8.67588491E+01
4.82294267E+01
2.74294977E+01
1.57994999E+01
9.07906447E+00
5.11798457E+00
2.85751694E+00
1.54301864E+00
8.19016955E-01
4.31025329E-01
2.25079425E-01
1.04555333E-01
5.23793761E-02
2.59320950E-02
1.27308118E-02
   19    0    0
4.30228369E+04
1.05072905E+04
3.56774243E+03
1.44537542E+03
6.55806795E+02
3.21431393E+02
1.66061396E+02
8.92180411E+01
4.90650758E+01
2.74831324E+01
1.54736240E+01
8.61348894E+00
4.71233636E+00
2.51965801E+00
1.28680322E+00
5.84090920E-01
2.52279591E-01
1.04574086E-01
4.09211249E-02
   13    0    0
7.12792324E+02
2.44592217E+02
1.04431934E+02
4.98203710E+01
2.50362429E+01
1.30507736E+01
6.84225811E+00
3.54117108E+00
1.78342530E+00
8.58791331E-01
3.88223973E-01
1.56512512E-01
6.30980258E-02
    5    0    0
1.61158640E+01
5.55717170E+00
1.83926940E+00
4.03142790E-01
1.43112230E-01
    4    0    0
1.12566040E+01
3.60686090E+00
3.61190130E-01
2.35933040E-01
    2    0    0
7.44284520E+00
7.45324610E-01



** Available from the Dirac web site, http://dirac.chem.sdu.dk **