5
   30    0    0
6.66736958E+07
1.76615940E+07
5.98989925E+06
2.24427958E+06
9.09067142E+05
3.85758897E+05
1.70290572E+05
7.75602171E+04
3.63413865E+04
1.74560626E+04
8.57681755E+03
4.30369232E+03
2.20314408E+03
1.14926641E+03
6.09573146E+02
3.27531158E+02
1.78417552E+02
9.88607751E+01
5.52198558E+01
3.01509711E+01
1.72298452E+01
9.64033820E+00
5.16463241E+00
2.74967977E+00
1.25881149E+00
6.43758941E-01
3.10826287E-01
8.20072456E-02
4.06168921E-02
1.94193552E-02
   24    0    0
1.85353060E+07
3.35848141E+06
7.77826419E+05
2.09927123E+05
6.37332068E+04
2.14100363E+04
7.90067323E+03
3.17658031E+03
1.37489674E+03
6.32202694E+02
3.04620888E+02
1.52252189E+02
7.81849855E+01
4.07433915E+01
2.18708548E+01
1.16895835E+01
6.08514011E+00
3.10293689E+00
1.44826781E+00
6.81783963E-01
3.09509631E-01
1.16346089E-01
4.84390375E-02
1.91731130E-02
   16    0    0
1.36556294E+04
3.49886018E+03
1.23851975E+03
5.17624749E+02
2.38983148E+02
1.17719043E+02
6.04494246E+01
3.18440959E+01
1.70020126E+01
8.97817679E+00
4.61937638E+00
2.29384881E+00
1.04564225E+00
4.21464838E-01
1.58328745E-01
5.49181490E-02
   11    0    0
3.89741650E+02
1.32987560E+02
5.63589549E+01
2.60387337E+01
1.26697628E+01
6.20732516E+00
2.98022267E+00
1.36888441E+00
5.83844309E-01
2.18980241E-01
8.21320771E-02
    3    0    0
1.04311230E+01
2.99619300E+00
3.00038000E-01
    2    0    0
6.54056740E+00
6.54970740E-01



** Available from the Dirac web site, http://dirac.chem.sdu.dk **